0 -788 -447
744 -785 -447
759 -778 -447
775 -762 -445
790 -739 -442
805 -723 -439
821 -706 -435
836 -690 -430
851 -658 -425
867 -629 -418
883 -613 -411
899 -566 -396
914 -546 -388
930 -534 -386
945 -524 -380
961 -517 -375
976 -506 -370
992 -501 -367
1007 -499 -366
1070 1 0
1100 -502 -366
1116 -520 -366
1132 -573 -363
1148 -657 -357
1163 -746 -352
1179 -795 -350
1195 -871 -346
1210 -936 -346
1225 -953 -346
1241 -962 -344
1256 -972 -345
1273 -978 -346
1288 -986 -346
1304 -995 -347
1319 -1014 -348
1335 -1035 -350
1351 -1055 -350
1366 -1057 -350
1554 1 2
1586 -1054 -350
1601 -1040 -353
1617 -1022 -358
1632 -980 -361
1648 -943 -365
1664 -903 -366
1679 -858 -369
1694 -837 -369
1710 -819 -369
1726 -813 -369
1742 -804 -368
1758 -800 -366
1774 -798 -366
1852 1 0
1883 -800 -368
1898 -813 -376
1913 -846 -388
1929 -896 -407
1945 -948 -431
1961 -994 -453
1976 -1050 -487
1992 -1074 -499
2007 -1098 -510
2022 -1111 -515
2037 -1117 -518
2054 -1119 -519
2069 -1121 -520
2147 -1128 -522
2162 -1130 -525
2178 -1133 -526
2303 1 2
