0 -979 -378
688 -978 -380
704 -976 -386
720 -974 -392
736 -972 -398
751 -970 -402
767 -967 -406
783 -966 -410
973 -964 -410
1021 -962 -410
1098 1 0
1177 1 2
1208 -962 -412
1224 -963 -414
1240 -965 -421
1256 -967 -430
1272 -969 -442
1288 -969 -448
1304 -969 -452
1320 -969 -454
1448 -968 -456
1496 -966 -456
1512 -966 -458
1591 -964 -457
1747 1 0
1811 1 2
1842 -965 -460
1858 -967 -466
1873 -969 -475
1889 -970 -486
1905 -971 -492
1920 -971 -498
1936 -971 -502
1951 -970 -506
2076 -967 -506
2106 -965 -506
2122 -965 -504
2138 -963 -504
2186 -962 -502
2328 1 0
2405 1 2
2421 -962 -504
2436 -962 -507
2452 -963 -515
2468 -964 -525
2483 -964 -536
2499 -962 -543
2515 -962 -549
2753 -959 -548
2768 -959 -546
2954 1 0
3031 1 2
3079 -960 -548
3095 -962 -556
3110 -966 -573
3125 -969 -601
3141 -969 -610
3156 -970 -643
3172 -970 -656
3188 -970 -661
3204 -970 -667
3219 -970 -669
3298 -968 -669
3313 -966 -669
3360 -964 -669
3376 -962 -666
3392 -960 -665
3424 -960 -663
3439 -960 -660
3455 -960 -658
3502 -960 -655
3642 1 0
3735 1 2
3766 -962 -659
3781 -964 -667
3797 -965 -672
3812 -966 -681
3827 -966 -691
3843 -966 -698
3859 -966 -706
3874 -966 -708
3891 -966 -710
3983 -964 -711
4030 -962 -712
4077 -960 -712
4170 1 0
4249 1 2
4297 -962 -715
4313 -964 -719
4329 -966 -724
4345 -966 -733
4360 -966 -738
4376 -966 -744
4392 -966 -746
4501 -965 -748
4532 -963 -750
4579 -963 -752
4783 -961 -753
4814 1 0
4908 1 2
4940 -963 -756
4955 -965 -761
4970 -965 -767
4986 -965 -774
5002 -965 -780
5018 -965 -787
5034 -965 -789
5112 -964 -793
5127 -963 -795
5143 -963 -797
5269 -961 -798
5395 1 0
5488 1 2
5583 -959 -798
5599 -956 -797
5614 -950 -794
5630 -943 -790
5646 -934 -782
5661 -931 -780
5676 -929 -777
5693 -926 -774
5708 -926 -768
5723 -923 -763
5738 -923 -760
5754 -923 -756
5770 -923 -754
5834 -924 -750
5849 -927 -749
5865 -929 -747
5911 -932 -745
5927 -934 -744
5942 -934 -742
6020 1 0
6112 1 2
6301 32 0
6426 32 2
6727 -938 -731
6741 -942 -699
6757 -950 -626
6772 -958 -546
6788 -963 -515
6804 -971 -449
6819 -974 -420
6835 -974 -411
6851 -974 -375
6866 -974 -358
6882 -974 -341
6898 -974 -322
6913 -974 -308
6928 -975 -298
6944 -976 -293
6960 -976 -291
7007 -975 -286
7022 -973 -277
7037 -967 -260
7053 -961 -250
7069 -952 -237
7085 -948 -227
7100 -946 -222
7116 -946 -220
7131 -945 -218
7239 -947 -217
7317 -949 -216
7348 -954 -213
7380 -955 -211
7505 -957 -210
7568 -958 -208
7631 1 0
7724 1 2
7771 -962 -214
7787 -963 -219
7803 -968 -231
7819 -974 -256
7835 -977 -269
7851 -977 -277
7867 -977 -285
7883 -977 -288
7899 -977 -290
7961 -974 -291
7992 -973 -294
8008 -971 -295
8024 -970 -297
8040 -969 -301
8056 -968 -304
8072 -966 -307
8103 -965 -310
8305 -963 -312
8321 -962 -314
8414 1 0
8508 1 2
8524 -962 -318
8540 -964 -323
8556 -965 -327
8572 -966 -339
8587 -967 -353
8603 -967 -362
8619 -967 -369
8651 -967 -372
8666 -966 -374
8760 -964 -374
8853 -962 -374
9010 1 0
9087 1 2
9119 -962 -378
9135 -963 -383
9150 -963 -390
9167 -963 -402
9182 -964 -407
9198 -964 -414
9213 -964 -418
9492 -962 -420
9524 -959 -418
9679 1 0
9772 1 2
9787 -960 -424
9803 -960 -427
9819 -961 -449
9834 -961 -454
9851 -961 -466
9866 -961 -469
9882 -961 -473
9898 -961 -475
10271 1 0
10350 1 2
10381 -961 -480
10396 -961 -490
10412 -961 -506
10427 -961 -517
10443 -958 -550
10459 -958 -562
10474 -956 -578
10489 -955 -588
10724 -955 -586
10851 -958 -584
10993 1 0
11072 1 2
11119 -961 -589
11134 -962 -594
11150 -963 -600
11166 -963 -607
11182 -964 -614
11197 -964 -618
11213 -965 -622
11229 -965 -624
11244 -966 -628
11259 -966 -632
11274 -966 -634
11290 -966 -636
11354 -966 -638
11432 -964 -638
11464 -962 -639
11621 1 0
11713 1 2
11729 -962 -641
11745 -962 -646
11760 -962 -653
11776 -962 -662
11791 -961 -673
11807 -960 -682
11823 -959 -689
11838 -959 -694
11854 -959 -697
12196 1 0
12276 1 2
12292 -959 -699
12308 -959 -705
12324 -959 -711
12339 -959 -718
12355 -959 -723
12371 -959 -726
12386 -959 -730
12402 -959 -736
12419 -960 -738
12667 1 0
12760 1 2
12824 -958 -737
12840 -957 -735
12855 -953 -733
12871 -946 -730
12887 -943 -729
12903 -941 -727
12919 -938 -726
12951 -936 -726
13029 1 0
13123 1 2
13233 32 0
13233 -938 -726
13326 32 2
13513 -940 -719
13529 -942 -703
13544 -947 -679
13560 -954 -650
13576 -960 -629
13591 -966 -604
13607 -970 -585
13622 -972 -569
13637 -972 -560
13652 -972 -557
13668 -972 -554
13683 -972 -546
13700 -972 -536
13715 -972 -526
13731 -972 -521
13747 -972 -518
13762 -972 -514
13777 -971 -511
13792 -971 -505
13808 -971 -503
14123 -971 -506
14139 -974 -519
14154 -975 -530
14170 -977 -536
14186 -977 -538
14248 1 0
14341 1 2
14403 -975 -538
14861 87 0
14925 87 2
14956 85 0
15004 85 2
16105 32 0
16198 32 2
16463 -977 -538
16478 -995 -548
16494 -999 -554
16510 -1002 -558
16525 -1002 -567
16541 -1001 -578
16556 -999 -583
16572 -998 -586
16587 -998 -590
16602 -998 -596
16618 -996 -603
16634 -994 -611
16649 -991 -620
16665 -990 -622
16729 -988 -624
16777 -987 -626
16792 -986 -632
16808 -984 -638
16918 1 0
17042 1 2
17543 56 0
17605 56 2
17793 48 0
17840 48 2
17966 -981 -640
17981 -964 -650
17996 -957 -656
18012 -940 -670
18029 -927 -681
18044 -918 -690
18060 -909 -696
18076 -905 -698
18108 -902 -698
18295 1 0
18388 1 2
18607 -899 -691
18622 -890 -676
18637 -878 -659
18653 -860 -635
18668 -852 -626
18684 -840 -607
18699 -833 -598
18715 -828 -589
18731 -826 -586
18746 -826 -584
18761 -825 -582
18777 -824 -580
18792 -822 -578
18808 -821 -574
18824 -819 -566
18840 -818 -560
18855 -815 -553
18871 -814 -547
18886 -811 -538
18901 -810 -535
18917 -804 -526
18932 -802 -524
18948 -802 -522
18979 -801 -520
18995 -800 -518
19011 -798 -516
19043 -796 -514
19153 -792 -512
19169 -790 -510
19248 -786 -509
19263 -780 -506
19279 -778 -504
19388 -786 -509
19403 -798 -513
19419 -812 -516
19434 -830 -516
19450 -846 -516
19466 -854 -516
19482 -856 -516
19513 -858 -516
19529 -859 -518
19544 -862 -518
19559 -867 -519
19575 -872 -519
19591 -874 -519
19765 1 0
19888 1 2
