912
0 -767 -431
675 87 0
765 69 0
1111 69 2
1216 68 0
1351 68 2
3331 68 0
3586 68 2
3901 70 0
3946 87 2
3991 70 2
4126 70 0
4186 70 2
4426 70 0
4486 70 2
4576 70 0
4621 70 2
4711 70 0
4756 70 2
5116 -769 -431
5131 -796 -432
5146 -852 -432
5161 -878 -431
5176 -945 -426
5191 -996 -426
5206 -1053 -426
5221 -1112 -424
5236 -1183 -424
5251 -1240 -426
5266 -1274 -434
5281 -1297 -438
5296 -1306 -439
5311 -1317 -442
5461 -1315 -440
5476 -1312 -438
5491 -1307 -433
5506 -1299 -424
5521 -1290 -414
5536 -1284 -409
5551 -1275 -400
5566 -1266 -392
5581 -1254 -382
5596 -1243 -374
5611 -1235 -366
5626 -1228 -359
5641 -1226 -358
5731 1 0
5851 1 2
6496 70 0
6586 70 2
6676 70 0
6721 70 2
6781 70 0
6841 70 2
7922 -767 -431
8762 -806 -421
8777 -847 -407
8792 -928 -382
8807 -1001 -362
8821 -1085 -342
8836 -1169 -327
8851 -1240 -314
8866 -1294 -306
8881 -1338 -300
8896 -1349 -298
8911 -1374 -293
8926 -1385 -290
8971 1 0
9091 1 2
9301 -767 -431
9526 70 0
9617 70 2
9737 70 0
9812 70 2
9887 70 0
9947 70 2
10037 70 0
10097 70 2
10172 70 0
10217 70 2
10292 70 0
10352 70 2
10622 -767 -437
10637 -767 -446
10652 -770 -465
10667 -772 -479
10682 -776 -498
10697 -780 -518
10712 -782 -530
10727 -784 -544
10742 -785 -560
10757 -785 -572
10772 -785 -583
10787 -784 -590
10802 -783 -596
10817 -783 -598
10832 -783 -602
10877 -785 -603
10892 -802 -594
10907 -855 -574
10922 -934 -553
10937 -998 -537
10952 -1031 -534
10967 -1080 -526
10982 -1111 -519
10997 -1136 -515
11012 -1146 -513
11027 -1149 -511
11072 -1150 -509
11087 -1152 -507
11117 -1154 -506
11147 -1156 -503
11162 -1158 -497
11177 -1162 -491
11192 -1164 -489
11207 -1165 -486
11222 -1166 -484
11237 -1167 -481
11252 -1167 -478
11327 1 0
11402 1 2
11418 -1170 -477
11433 -1174 -477
11448 -1182 -476
11463 -1187 -474
11703 -1188 -477
11733 -1194 -490
11748 -1198 -499
11763 -1208 -510
11778 -1222 -528
11793 -1229 -543
11808 -1238 -569
11823 -1246 -586
11838 -1255 -604
11853 -1263 -614
11868 -1272 -630
11883 -1281 -642
11898 -1286 -653
11913 -1294 -668
11928 -1298 -676
11943 -1304 -689
11958 -1312 -702
11973 -1318 -715
11988 -1324 -725
12003 -1327 -732
12018 -1328 -735
12033 -1329 -738
12048 -1331 -740
12063 -1332 -743
12078 -1335 -748
12093 -1337 -753
12168 -1338 -757
12183 -1341 -763
12198 -1345 -772
12213 -1348 -779
12228 -1350 -783
12243 -1352 -786
12258 -1354 -790
12273 -1358 -795
12288 -1360 -798
12303 -1362 -802
12363 1 0
12678 -1355 -798
12693 -1314 -777
12708 -1214 -727
12723 -1070 -662
12738 -915 -589
12753 -801 -534
12768 -750 -507
12783 -666 -455
12798 -580 -387
12813 -493 -334
12828 -418 -283
12843 -370 -247
12858 -334 -220
12873 -310 -201
12888 -300 -193
12903 -275 -177
12918 -261 -166
12933 -250 -158
12948 -239 -150
12963 -228 -142
12978 -224 -140
13053 -221 -140
13068 -214 -140
13083 -204 -139
13098 1 2
13098 -193 -139
13113 -187 -139
13128 -169 -139
13143 -154 -138
13158 -138 -138
13173 -126 -136
13188 -122 -136
13233 1 0
13338 1 2
13428 -133 -142
13443 -183 -165
13458 -263 -200
13473 -321 -228
13488 -452 -295
13503 -590 -352
13518 -743 -429
13533 -882 -490
13548 -982 -549
13563 -1050 -590
13578 -1086 -620
13593 -1097 -629
13608 -1119 -645
13623 -1144 -659
13638 -1163 -671
13653 -1181 -682
13668 -1199 -695
13683 -1221 -707
13698 -1250 -724
13713 -1258 -730
13728 -1276 -740
13743 -1287 -747
13758 -1295 -752
13773 -1298 -754
13803 -1300 -756
13818 -1306 -760
13833 -1313 -764
13848 -1321 -768
13863 -1329 -769
13878 -1333 -769
13893 -1337 -770
13908 -1348 -770
13923 -1362 -775
13938 -1367 -778
13953 -1373 -781
13968 -1386 -790
13983 -1402 -801
13998 -1417 -812
14013 -1420 -814
14043 1 0
14133 1 2
14343 1 0
14463 1 2
14493 -1413 -806
14508 -1394 -796
14523 -1340 -773
14538 -1260 -742
14553 -1160 -706
14568 -1114 -693
14583 -1032 -661
14598 -974 -638
14613 -916 -614
14628 -876 -594
14643 -822 -570
14658 -780 -549
14673 -738 -529
14688 -716 -522
14703 -694 -511
14718 -678 -501
14733 -664 -494
14749 -652 -488
14764 -642 -483
14779 -634 -478
14794 -626 -476
14809 -622 -475
14824 -607 -472
14839 -598 -469
14854 -582 -465
14869 -558 -460
14884 -538 -454
14899 -520 -446
14914 -500 -438
14929 -482 -428
14944 -471 -424
14959 -455 -417
14974 -446 -412
14989 -442 -410
15004 -438 -408
15019 -433 -405
15034 -427 -400
15049 -418 -396
15064 -414 -393
15079 -405 -387
15094 -395 -382
15109 -383 -374
15124 -370 -363
15139 -363 -357
15154 -362 -355
15199 -364 -354
15215 -370 -349
15230 -380 -342
15245 -386 -340
15260 -389 -340
15275 -393 -340
15290 -399 -340
15305 -405 -340
15320 -408 -340
15335 -417 -340
15350 -422 -338
15365 1 0
15365 -426 -337
15380 -431 -334
15395 -434 -334
15455 1 2
15455 -436 -333
15485 -440 -338
15500 -443 -341
15515 -447 -342
15530 -454 -346
15545 -458 -349
15560 -466 -352
15575 -477 -358
15590 -502 -370
15605 -553 -394
15620 -649 -446
15635 -793 -524
15650 -943 -590
15665 -1067 -651
15680 -1113 -680
15695 -1190 -720
15710 -1241 -756
15725 -1284 -786
15740 -1303 -798
15755 -1315 -804
15770 -1321 -808
15785 -1323 -810
15800 -1329 -813
15815 -1333 -816
15860 -1337 -817
15875 -1342 -818
15890 -1348 -819
15905 -1352 -820
15920 -1358 -821
15935 -1369 -825
15950 -1386 -830
15965 -1402 -838
15980 -1408 -842
16010 1 0
16115 1 2
16175 -1406 -839
16190 -1403 -838
16205 -1401 -836
16220 -1399 -833
16235 -1397 -832
16295 1 0
16370 1 2
16611 1 0
16701 1 2
16912 -1394 -832
16942 -1393 -830
16957 -1391 -830
16972 -1390 -828
16987 -1388 -828
17047 1 0
17122 1 2
17167 -1386 -827
17182 -1384 -823
17197 -1373 -810
17212 -1347 -792
17227 -1310 -767
17242 -1255 -746
17257 -1187 -706
17272 -1102 -647
17287 -1056 -614
17302 -951 -546
17317 -848 -485
17332 -774 -447
17347 -742 -418
17362 -720 -390
17377 -701 -373
17392 -692 -365
17407 -678 -354
17422 -668 -346
17437 -662 -342
17452 -658 -342
17467 -655 -341
17482 -649 -338
17497 -640 -333
17512 -635 -330
17527 -623 -322
17542 -612 -314
17557 -600 -306
17572 -592 -301
17587 -583 -293
17602 -570 -284
17617 -558 -272
17632 -547 -261
17647 -542 -254
17662 -534 -240
17677 -522 -219
17692 -512 -205
17707 -502 -188
17722 -496 -178
17737 -494 -173
17752 -493 -170
17782 -491 -167
17797 -489 -164
17812 -487 -162
17827 -486 -158
17842 -484 -154
17857 -481 -150
17872 -479 -147
17887 -476 -142
17902 -474 -139
17917 -472 -138
18007 1 0
18082 1 2
18097 -478 -139
18112 -486 -142
18127 -512 -154
18142 -558 -166
18157 -607 -179
18172 -663 -196
18187 -705 -213
18203 -726 -224
18218 -751 -237
18233 -762 -241
18248 -777 -249
18263 -785 -253
18278 -791 -256
18293 -797 -261
18308 -803 -265
18323 -813 -270
18338 -823 -275
18353 -827 -277
18383 -829 -277
18428 -834 -278
18443 -836 -280
18458 -838 -282
18503 1 0
18578 1 2
18638 -842 -285
18653 -854 -296
18668 -874 -318
18683 -927 -373
18698 -994 -438
18712 -1069 -506
18727 -1104 -539
18742 -1165 -593
18757 -1194 -622
18772 -1212 -638
18787 -1224 -653
18802 -1235 -666
18817 -1246 -678
18832 -1250 -684
18847 -1259 -696
18862 -1270 -708
18877 -1277 -718
18892 -1287 -730
18907 -1299 -745
18922 -1307 -756
18937 -1312 -764
18952 -1314 -767
18967 -1317 -772
18982 -1322 -779
18997 -1326 -786
19012 -1332 -796
19027 -1335 -802
19072 -1336 -804
19087 -1338 -806
19102 -1341 -809
19117 -1344 -814
19162 1 0
19252 1 2
19297 -1339 -809
19312 -1334 -801
19327 -1311 -780
19342 -1247 -732
19357 -1158 -674
19372 -1046 -598
19387 -920 -524
19402 -798 -458
19418 -692 -399
19433 -606 -346
19448 -576 -326
19463 -536 -298
19478 -519 -287
19493 -507 -278
19508 -496 -270
19523 -489 -265
19538 -484 -261
19553 -482 -259
19568 -479 -257
19598 -475 -255
19628 -473 -254
19688 -470 -251
19703 -463 -246
19718 -457 -242
19733 -453 -240
19748 -446 -236
19763 -439 -232
19778 -437 -231
19853 1 0
19928 1 2
19973 -434 -231
19988 -418 -230
20002 -398 -228
20017 -378 -226
20032 -364 -224
20047 -341 -218
20062 -330 -214
20077 -318 -211
20092 -309 -208
20107 -302 -206
20122 -294 -202
20137 -282 -201
20152 -275 -198
20168 -259 -194
20183 -246 -191
20198 -232 -187
20213 -218 -185
20228 -209 -182
20243 -202 -180
20258 -196 -179
20273 -193 -178
20288 -189 -178
20303 -185 -178
20318 -180 -177
20333 -174 -177
20348 -167 -176
20363 -162 -175
20378 -158 -175
20393 -156 -175
20408 -149 -175
20423 -141 -177
20438 -133 -178
20453 -126 -182
20468 -119 -183
20483 -117 -184
20498 1 0
20588 1 2
20618 -122 -186
20633 -125 -187
20648 -142 -190
20663 -167 -201
20678 -231 -227
20693 -323 -290
20708 -437 -356
20723 -568 -423
20738 -691 -475
20753 -746 -503
20768 -847 -559
20783 -933 -598
20798 -994 -638
20813 -1022 -653
20828 -1038 -659
20843 -1057 -668
20858 -1074 -675
20873 -1082 -678
20888 -1103 -684
20903 -1119 -690
20918 -1142 -699
20933 -1158 -708
20948 -1179 -719
20963 -1193 -728
20978 -1202 -734
20993 -1206 -735
21008 -1214 -740
21023 -1221 -745
21038 -1230 -751
21053 -1238 -755
21068 -1245 -760
21083 -1254 -766
21098 -1266 -776
21113 -1274 -782
21128 -1289 -794
21143 -1301 -802
21158 -1306 -806
21263 1 0
21368 1 2
21488 1 0
21563 1 2
21638 -1300 -798
21653 -1269 -776
21668 -1202 -733
21683 -1102 -675
21698 -990 -623
21713 -882 -590
21728 -838 -572
21743 -758 -539
21758 -713 -515
21773 -675 -502
21788 -658 -495
21803 -650 -492
21818 -645 -491
21833 -640 -491
21848 -632 -490
21863 -620 -486
21878 -604 -486
21893 -590 -484
21908 -576 -481
21923 -566 -478
21938 -562 -477
21953 -559 -475
21968 -557 -474
22028 -551 -474
22043 -537 -475
22058 -514 -475
22073 -501 -475
22088 -474 -469
22103 -458 -461
22118 -447 -454
22133 -442 -451
22148 -440 -450
22163 1 0
22268 1 2
22298 -446 -452
22313 -455 -457
22328 -491 -474
22343 -556 -498
22358 -650 -532
22373 -789 -606
22388 -933 -651
22403 -1052 -687
22418 -1152 -718
22433 -1213 -735
22448 -1222 -740
22463 -1237 -745
22478 -1240 -746
22493 -1242 -748
22508 -1245 -749
22523 -1250 -752
22538 -1254 -754
22568 -1259 -756
22583 -1265 -760
22598 -1275 -765
22613 -1287 -770
22628 -1297 -775
22643 -1302 -778
22658 -1314 -786
22673 -1329 -799
22688 -1337 -807
22703 -1354 -818
22718 -1363 -823
22763 1 0
22868 1 2
23003 1 0
23093 1 2
23364 1 0
23454 1 2
23574 -1358 -813
23589 -1345 -798
23604 -1321 -770
23619 -1258 -714
23634 -1178 -645
23649 -1098 -580
23664 -1052 -546
23679 -954 -494
23694 -854 -433
23709 -765 -391
23724 -690 -354
23739 -649 -321
23754 -617 -299
23769 -602 -289
23784 -584 -275
23799 -570 -263
23814 -554 -252
23829 -538 -240
23844 -524 -228
23859 -512 -218
23874 -502 -209
23889 -498 -205
23904 -488 -195
23919 -474 -185
23934 -462 -174
23949 -450 -164
23964 -440 -156
23979 -435 -152
23994 -432 -150
24099 -430 -154
24114 -429 -162
24129 -429 -171
24144 -429 -181
24159 -430 -206
24174 -434 -237
24189 -437 -262
24204 -438 -274
24219 -438 -278
24234 -438 -283
24249 -438 -287
24264 -438 -290
24279 -438 -292
24429 1 0
24519 1 2
24534 -440 -294
24549 -446 -295
24564 -457 -299
24579 -489 -305
24594 -530 -313
24609 -562 -319
24624 -612 -328
24639 -656 -333
24654 -688 -336
24669 -711 -337
24684 -723 -338
24699 -732 -338
24714 -734 -338
24744 -737 -339
24759 -741 -340
24774 -749 -343
24789 -757 -347
24804 -761 -350
24819 -764 -352
24834 -766 -354
24864 -770 -355
24879 -774 -357
24939 1 0
25045 1 2
25090 -778 -361
25105 -784 -363
25120 -799 -375
25135 -826 -396
25150 -882 -443
25165 -962 -506
25180 -1054 -565
25195 -1134 -621
25210 -1187 -666
25225 -1218 -692
25240 -1237 -710
25255 -1255 -727
25270 -1264 -735
25285 -1269 -738
25345 -1270 -740
25360 -1273 -742
25375 -1276 -746
25390 -1280 -750
25405 -1284 -754
25420 -1290 -761
25435 -1300 -771
25450 -1307 -778
25465 -1309 -780
25480 -1311 -782
25495 -1315 -786
25510 -1319 -793
25525 -1324 -798
25540 -1329 -804
25555 -1331 -808
25570 -1333 -810
25630 1 0
25735 1 2
25780 -1330 -810
25795 -1326 -806
25810 -1317 -791
25825 -1308 -782
25840 -1275 -738
25855 -1209 -676
25870 -1118 -607
25885 -1020 -542
25900 -930 -497
25915 -850 -449
25930 -794 -422
25945 -748 -386
25960 -731 -377
25975 -702 -361
25990 -685 -350
26005 -666 -341
26020 -650 -335
26035 -634 -329
26050 -614 -322
26065 -610 -321
26080 -601 -318
26095 -594 -318
26110 -589 -317
26125 -583 -317
26140 -579 -317
26155 -575 -316
26170 -571 -316
26200 -568 -316
26215 -566 -316
26245 -562 -317
26260 -556 -318
26275 -547 -321
26290 -538 -322
26305 -529 -322
26320 -524 -322
26335 -522 -322
26380 -520 -322
26395 -516 -322
26410 -512 -319
26425 -508 -318
26440 -503 -318
26455 -499 -318
26470 -497 -318
26485 -495 -318
26500 -491 -320
26515 -485 -330
26530 -474 -346
26545 -470 -347
26560 -462 -358
26575 -455 -367
26590 -452 -370
26605 -451 -372
26725 -448 -374
26740 -446 -378
26755 -443 -383
26770 -442 -389
26785 -439 -392
26800 -437 -399
26860 1 0
26935 1 2
26950 -435 -400
26965 -432 -401
26980 -425 -401
26995 -412 -401
27010 -391 -397
27025 -359 -391
27040 -334 -389
27055 -282 -380
27070 -249 -371
27085 -208 -363
27100 -182 -355
27115 -163 -349
27130 -144 -342
27145 -140 -339
27160 -130 -334
27175 -126 -330
27190 -120 -326
27205 -115 -322
27220 -110 -317
27235 -107 -315
27265 -105 -312
27280 -103 -310
27295 -102 -306
27310 -99 -304
27325 -98 -302
27340 -98 -300
27355 -98 -298
27370 -98 -294
27385 -98 -292
27400 -98 -287
27415 -98 -274
27430 -98 -262
27445 -98 -255
27490 1 0
27580 1 2
27640 -104 -257
27655 -118 -265
27670 -166 -290
27685 -259 -343
27700 -390 -420
27715 -519 -489
27730 -650 -554
27745 -717 -579
27760 -834 -636
27775 -927 -670
27790 -987 -702
27805 -1025 -724
27820 -1040 -730
27835 -1050 -734
27850 -1063 -738
27865 -1070 -740
27880 -1087 -747
27895 -1113 -758
27910 -1131 -767
27925 -1150 -775
27940 -1165 -781
27955 -1175 -785
27970 -1181 -786
28046 -1186 -787
28061 -1194 -788
28076 -1208 -789
28091 -1230 -793
28106 -1260 -796
28121 -1280 -802
28136 -1288 -802
28151 -1303 -805
28166 -1307 -806
28181 -1309 -806
28196 1 0
28301 1 2
28451 1 0
28541 1 2
28556 -1314 -807
28571 -1316 -807
28586 -1322 -808
28601 -1329 -808
28616 -1333 -809
28631 -1339 -810
28646 -1344 -810
28661 -1346 -811
28781 1 0
28886 1 2
29021 -1339 -802
29036 -1322 -782
29051 -1282 -746
29066 -1230 -683
29081 -1188 -645
29096 -1105 -571
29111 -1021 -503
29126 -928 -433
29141 -843 -380
29156 -762 -315
29171 -690 -272
29186 -648 -240
29201 -625 -232
29216 -605 -219
29231 -594 -212
29246 -589 -208
29261 -585 -204
29276 -578 -198
29291 -568 -191
29306 -557 -182
29321 -542 -171
29336 -537 -166
29351 -526 -158
29366 -520 -153
29381 -517 -150
29396 -515 -150
29411 -514 -147
29501 1 0
29606 1 2
29951 27 0
30071 27 2
30206 27 0
30266 27 2
31482 -767 -431
1
1061109567 