233
0 -1094 -715
496 1 0
676 1 2
1202 -1092 -716
1217 -1086 -717
1232 -1082 -718
1247 -1078 -719
1262 -1070 -723
1277 -1060 -727
1292 -1054 -731
1307 -1046 -734
1322 -1042 -736
1337 -1037 -739
1352 -1034 -741
1367 -1032 -742
1382 -1028 -745
1397 -1025 -748
1412 -1022 -750
1457 1 0
1591 1 2
1891 -1026 -750
1906 -1030 -748
1921 -1036 -746
1936 -1048 -742
1951 -1058 -738
1966 -1062 -735
1982 -1074 -731
1997 -1080 -729
2012 -1085 -728
2027 -1089 -727
2057 -1092 -726
2132 1 0
2252 1 2
2267 -1093 -723
2282 -1081 -706
2297 -1039 -667
2312 -979 -621
2327 -909 -559
2342 -888 -540
2357 -837 -494
2372 -790 -442
2387 -755 -407
2402 -725 -378
2417 -702 -354
2432 -688 -339
2447 -678 -326
2462 -676 -320
2477 -671 -309
2492 -667 -299
2507 -665 -291
2522 -662 -286
2537 -660 -280
2552 -657 -274
2567 -657 -271
2582 -654 -265
2597 -651 -255
2612 -650 -250
2627 -646 -242
2642 -643 -234
2657 -638 -223
2672 -636 -218
2687 -634 -213
2702 -634 -210
2717 -633 -207
2747 -631 -202
2792 1 0
2911 1 2
2956 -634 -206
2971 -646 -217
2986 -673 -234
3001 -730 -282
3016 -802 -338
3031 -880 -408
3046 -945 -477
3061 -978 -512
3076 -1041 -578
3091 -1082 -625
3107 -1118 -663
3122 -1135 -682
3137 -1146 -702
3152 -1154 -713
3167 -1159 -719
3182 -1161 -722
3197 -1162 -726
3212 -1166 -730
3242 -1167 -732
3287 -1169 -734
3317 -1172 -738
3332 -1174 -739
3467 -1168 -739
3482 -1163 -738
3497 -1158 -735
3512 -1156 -734
3527 -1154 -734
3542 1 0
3632 1 2
3932 -1152 -736
3947 -1149 -737
3962 -1146 -738
3977 -1142 -739
3992 -1138 -741
4007 -1136 -741
4022 -1129 -742
4037 -1122 -746
4052 -1113 -748
4067 -1104 -750
4082 -1094 -754
4097 -1081 -756
4112 -1075 -758
4127 -1073 -758
4142 -1068 -758
4157 -1062 -760
4172 -1057 -762
4187 -1051 -763
4202 -1047 -764
4217 -1042 -765
4232 -1039 -766
4262 -1036 -766
4277 -1032 -767
4292 -1030 -768
4307 -1027 -768
4322 -1025 -769
4337 -1022 -769
4352 -1020 -769
4397 1 0
4502 1 2
4742 -1024 -766
4757 -1033 -760
4772 -1046 -753
4787 -1062 -745
4802 -1079 -737
4817 -1096 -730
4832 -1119 -722
4847 -1137 -715
4862 -1139 -714
4877 -1146 -714
4937 1 0
5042 1 2
5463 1 0
5598 1 2
5868 -1144 -714
5883 -1137 -717
5898 -1129 -719
5913 -1118 -725
5928 -1103 -729
5943 -1087 -733
5958 -1081 -736
5973 -1070 -739
5988 -1063 -742
6003 -1055 -746
6018 -1049 -749
6033 -1042 -752
6048 -1034 -755
6063 -1026 -758
6078 -1023 -759
6093 -1019 -762
6108 -1015 -764
6123 -1010 -766
6138 -1004 -769
6153 -996 -771
6168 -991 -773
6183 -986 -774
6198 -983 -774
6228 -980 -774
6273 -977 -774
6288 -974 -774
6348 1 0
6468 1 2
6648 -976 -774
6663 -978 -772
6678 -986 -768
6693 -998 -761
6708 -1014 -754
6723 -1031 -746
6738 -1049 -738
6753 -1069 -730
6768 -1085 -725
6783 -1089 -723
6798 -1093 -722
6843 1 0
6963 1 2
7098 -1095 -722
7113 -1097 -722
7158 -1099 -722
7188 -1102 -722
7368 1 0
7473 1 2
7788 1 0
7938 1 2
8267 -1099 -725
8282 -1095 -726
8297 -1088 -730
8312 -1080 -734
8327 -1071 -738
8342 -1064 -739
8357 -1062 -742
8372 -1056 -745
8387 -1050 -746
8402 -1046 -749
8417 -1041 -751
8432 -1036 -753
8447 -1031 -754
8462 -1029 -756
8477 -1025 -757
8492 -1022 -758
8507 -1020 -759
8612 1 0
8777 1 2
9032 -1018 -756
9047 -1014 -752
9062 -1013 -748
9077 -1007 -740
9092 -1003 -733
9107 -999 -726
9122 -996 -721
9137 -994 -718
9167 -992 -714
9242 1 0
9377 1 2
9527 -993 -712
9557 -1000 -703
9572 -1006 -695
9587 -1014 -681
9602 -1026 -666
9617 -1038 -647
9632 -1046 -630
9647 -1053 -619
9662 -1055 -616
9677 -1056 -614
9707 1 0
9902 1 2
10157 27 0
10307 27 2
1
1061109567 