0 -753 -657
0 119 0
75 119 2
647 50 0
707 50 2
3598 27 0
3613 27 2
3628 27 0
3643 27 2
3658 27 0
3673 27 2
3688 27 0
3704 27 2
3719 27 0
3734 27 2
3749 27 0
3764 27 2
3779 27 0
3794 27 2
3809 27 0
3824 27 2
3839 27 0
3854 27 2
3870 27 0
3884 27 2
3900 27 0
3915 27 2
3931 27 0
3945 27 2
3960 27 0
3975 27 2
3990 27 0
4005 27 2
4020 27 0
4035 27 2
4050 27 0
4065 27 2
4080 27 0
4095 27 2
4110 27 0
4125 27 2
4140 27 0
4155 27 2
4170 27 0
4185 27 2
4200 27 0
4215 27 2
4230 27 0
4246 27 2
4261 27 0
4276 27 2
4291 27 0
4306 27 2
4321 27 0
4336 27 2
4351 27 0
4366 27 2
4382 27 0
4397 27 2
4412 27 0
4427 27 2
4443 27 0
4458 27 2
4473 27 0
4488 27 2
4503 27 0
4518 27 2
4533 27 0
4548 27 2
4563 27 0
4578 27 2
4593 27 0
4608 27 2
4623 27 0
4638 27 2
4653 27 0
4668 27 2
4684 27 0
4699 27 2
4714 27 0
4729 27 2
4744 27 0
4759 27 2
4774 27 0
4790 27 2
4805 27 0
4821 27 2
4836 27 0
4851 27 2
4866 27 0
4881 27 2
4897 27 0
4911 27 2
4927 27 0
4942 27 2
4957 27 0
4972 27 2
5582 192 0
5687 192 2
6155 69 0
6200 69 2
6561 69 0
6621 69 2
7013 81 0
7044 81 2
7374 87 0
7585 81 0
7646 81 2
7646 87 2
8584 74 0
9156 74 2
10377 49 0
10437 49 2
10527 85 0
10572 85 2
10647 85 0
10708 85 2
10783 85 0
10843 85 2
10902 85 0
10962 85 2
11190 49 0
11250 49 2
11325 49 0
11385 49 2
12166 81 0
12242 85 0
12272 81 2
12303 85 2
12379 85 0
12440 85 2
12515 85 0
12575 85 2
12636 85 0
12697 85 2
12773 85 0
12833 85 2
12893 85 0
12954 85 2
13014 85 0
13059 85 2
13104 85 0
13180 85 2
13376 74 0
13916 65 0
14232 87 0
14491 74 2
14567 74 0
14643 74 2
14719 74 0
14794 74 2
14855 74 0
14930 74 2
14990 74 0
15065 74 2
15065 87 2
15141 74 0
15216 74 2
15276 87 0
15291 74 0
15366 74 2
15426 87 2
15486 65 2
26150 1 0
26301 1 2
26816 1 0
26921 1 2
28228 50 0
28333 50 2
29147 192 0
29297 192 2
