0 -742 -468
0 119 0
76 119 2
437 50 0
497 50 2
3598 27 0
3613 27 2
3628 27 0
3643 27 2
3658 27 0
3673 27 2
3688 27 0
3704 27 2
3719 27 0
3734 27 2
3749 27 0
3764 27 2
3779 27 0
3794 27 2
3809 27 0
3824 27 2
3839 27 0
3854 27 2
3870 27 0
3884 27 2
3900 27 0
3915 27 2
3931 27 0
3945 27 2
3960 27 0
3975 27 2
3990 27 0
4005 27 2
4020 27 0
4035 27 2
4050 27 0
4065 27 2
4080 27 0
4095 27 2
4110 27 0
4125 27 2
4140 27 0
4155 27 2
4170 27 0
4185 27 2
4200 27 0
4215 27 2
4230 27 0
4246 27 2
4261 27 0
4276 27 2
4291 27 0
4306 27 2
4321 27 0
4336 27 2
4351 27 0
4366 27 2
4382 27 0
4397 27 2
4412 27 0
4427 27 2
4443 27 0
4458 27 2
4473 27 0
4488 27 2
4503 27 0
4518 27 2
4533 27 0
4548 27 2
4563 27 0
4578 27 2
4593 27 0
4608 27 2
4623 27 0
4638 27 2
4653 27 0
4668 27 2
4684 27 0
4699 27 2
4714 27 0
4729 27 2
4744 27 0
4759 27 2
4774 27 0
4790 27 2
4805 27 0
4821 27 2
4836 27 0
4851 27 2
4866 27 0
4881 27 2
4897 27 0
4911 27 2
4927 27 0
4942 27 2
4957 27 0
4972 27 2
5009 192 0
5114 192 2
5476 69 0
5567 69 2
6034 87 0
7012 87 2
8173 74 0
8941 74 2
9966 49 0
10041 49 2
10056 85 0
10116 85 2
10191 85 0
10252 85 2
10312 85 0
10357 85 2
10418 85 0
10494 85 2
10735 49 0
10811 49 2
10886 49 0
11007 49 2
12003 85 0
12077 85 2
12152 85 0
12213 85 2
12303 85 0
12349 85 2
12439 85 0
12469 85 2
12574 85 0
12619 85 2
13678 74 0
14447 68 0
14672 87 0
15048 74 2
15199 73 0
15335 73 2
15410 73 0
15514 73 2
15574 73 0
15694 73 2
15814 73 0
15874 87 2
15919 73 2
15978 68 2
27155 1 0
27260 1 2
28889 50 0
28979 50 2
