0 -767 -431
0 122 0
60 122 2
825 87 0
900 69 0
1170 69 2
1275 68 0
1515 68 2
3930 87 2
3945 70 0
4020 70 2
4080 70 0
4140 70 2
4215 70 0
4260 70 2
4650 70 0
4710 70 2
4785 70 0
4845 70 2
5520 -787 -428
5535 -810 -424
5550 -834 -422
5565 -855 -422
5580 -873 -422
5595 -910 -418
5610 -948 -415
5625 -966 -414
5640 -1022 -406
5655 -1070 -402
5670 -1113 -400
5685 -1144 -398
5700 -1160 -397
5715 -1167 -395
5730 -1171 -394
5775 -1173 -394
5790 -1175 -391
5805 -1178 -390
5820 -1183 -386
5835 -1190 -378
5850 -1199 -370
5865 -1209 -360
5880 -1213 -355
5895 -1217 -351
6000 1 0
6135 1 2
6361 70 0
6436 70 2
6541 70 0
6601 70 2
6691 70 0
6766 70 2
6841 70 0
6901 70 2
6991 70 0
7051 70 2
7126 70 0
7186 70 2
8087 -767 -431
8687 -782 -422
8702 -822 -401
8717 -874 -378
8732 -930 -350
8747 -992 -319
8762 -1022 -306
8777 -1070 -289
8792 -1091 -278
8807 -1118 -269
8822 -1133 -265
8837 -1143 -262
8852 -1154 -260
8867 -1163 -259
8882 -1169 -259
8897 -1181 -258
8912 -1190 -257
8927 -1197 -257
8942 -1205 -255
8957 -1208 -255
8987 1 0
9106 1 2
9301 -767 -431
9391 70 0
9481 70 2
9617 70 0
9692 70 2
9797 70 0
9872 70 2
9962 70 0
10022 70 2
10097 70 0
10172 70 2
10787 -770 -434
10802 -782 -444
10817 -787 -447
10832 -802 -454
10847 -818 -462
10862 -830 -468
10877 -847 -475
10892 -869 -483
10907 -894 -490
10922 -927 -495
10937 -946 -496
10952 -966 -501
10967 -986 -506
10982 -1004 -510
10997 -1014 -514
11012 -1028 -516
11027 -1038 -517
11042 -1048 -518
11057 -1056 -518
11072 -1062 -517
11087 -1074 -511
11102 -1083 -506
11117 -1094 -499
11132 -1102 -492
11147 -1112 -485
11162 -1119 -480
11177 -1121 -479
11193 -1123 -476
11238 -1126 -475
11343 1 0
11463 1 2
11538 -1130 -471
11553 -1136 -471
11568 -1141 -471
11583 -1153 -472
11598 -1161 -473
11613 -1159 -472
11853 -1162 -474
11868 -1165 -475
11883 -1166 -477
11898 -1169 -478
11913 -1170 -480
11958 -1170 -478
12318 -1175 -482
12333 -1190 -498
12348 -1213 -522
12363 -1249 -550
12378 -1280 -582
12393 -1306 -597
12408 -1344 -629
12423 -1366 -652
12438 -1403 -688
12453 -1420 -721
12468 -1436 -746
12483 -1444 -762
12498 -1450 -778
12513 -1454 -783
12528 -1458 -796
12543 -1462 -806
12558 -1466 -814
12573 -1468 -822
12588 -1469 -826
12693 -1470 -828
12798 -1465 -827
12813 -1461 -825
12828 -1457 -822
12858 1 0
12933 1 2
13173 1 0
13233 1 2
13263 -1454 -820
13278 -1439 -808
13293 -1393 -769
13308 -1302 -713
13323 -1171 -638
13338 -1024 -577
13353 -946 -558
13368 -815 -516
13383 -719 -484
13398 -671 -465
13413 -645 -449
13428 -634 -442
13443 -630 -438
13458 -628 -436
13473 -628 -434
13488 -625 -432
13503 -622 -429
13518 -618 -426
13533 -614 -422
13548 -609 -419
13563 -600 -412
13578 -590 -406
13593 -584 -402
13608 -574 -396
13623 -566 -393
13638 -558 -389
13653 -549 -383
13668 -536 -378
13683 -522 -371
13698 -510 -365
13713 -506 -362
13728 -497 -357
13743 -489 -353
13758 -481 -349
13773 -475 -346
13818 1 0
13923 1 2
13983 -477 -346
13998 -488 -354
14013 -528 -374
14028 -627 -435
14043 -776 -514
14058 -956 -577
14073 -1042 -612
14088 -1190 -678
14103 -1300 -737
14118 -1343 -760
14133 -1362 -777
14148 -1364 -780
14358 -1372 -788
14373 -1383 -802
14388 -1390 -808
14403 -1395 -814
14463 1 0
14568 1 2
14733 1 0
14838 1 2
15139 1 0
15229 1 2
15319 -1394 -807
15334 -1378 -781
15349 -1342 -741
15364 -1265 -672
15379 -1166 -612
15395 -1051 -530
15410 -939 -455
15425 -886 -430
15440 -819 -370
15455 -775 -326
15470 -750 -297
15485 -731 -281
15500 -710 -262
15515 -691 -245
15530 -678 -233
15545 -674 -230
15560 -665 -222
15575 -658 -216
15590 -652 -210
15605 -649 -209
15620 -645 -206
15635 -642 -203
15650 -638 -201
15665 -635 -199
15680 -631 -196
15695 -623 -191
15710 -610 -185
15725 -592 -174
15740 -571 -158
15755 -553 -144
15770 -537 -134
15785 -533 -132
15800 -530 -130
15950 1 0
15995 1 2
16085 -542 -134
16100 -570 -138
16115 -625 -148
16130 -666 -158
16145 -697 -164
16160 -749 -174
16175 -772 -182
16190 -782 -187
16205 -786 -189
16220 -788 -190
16235 -789 -193
16280 -791 -197
16295 -794 -202
16310 -796 -206
16325 -799 -214
16340 -803 -224
16356 -811 -236
16371 -818 -246
16386 -820 -249
16401 -822 -251
16491 1 0
16596 1 2
16671 -833 -260
16686 -857 -287
16701 -910 -325
16716 -986 -406
16731 -1068 -478
16746 -1149 -552
16761 -1178 -577
16776 -1218 -631
16791 -1244 -673
16806 -1256 -689
16821 -1260 -700
16836 -1263 -705
16866 -1264 -707
16941 -1265 -710
16971 -1267 -713
16986 -1270 -716
17001 -1271 -719
17016 -1278 -730
17031 -1288 -746
17046 -1299 -761
17061 -1306 -772
17076 -1311 -782
17091 -1316 -787
17106 -1320 -793
17136 -1323 -797
17151 -1326 -800
17166 -1328 -802
17181 -1331 -806
17196 -1334 -809
17271 1 0
17361 1 2
17406 -1331 -810
17421 -1322 -802
17436 -1304 -785
17451 -1241 -745
17466 -1150 -682
17481 -1098 -648
17496 -982 -574
17511 -867 -518
17526 -766 -461
17541 -690 -425
17556 -632 -389
17571 -612 -374
17586 -601 -363
17601 -593 -355
17616 -590 -352
17631 -583 -346
17646 -578 -342
17661 -572 -338
17676 -569 -337
17691 -566 -334
17706 -564 -333
17721 -562 -330
17736 -557 -327
17751 -547 -319
17766 -534 -307
17781 -518 -296
17796 -500 -280
17811 -478 -262
17826 -458 -247
17841 -447 -242
17856 -435 -235
17871 -430 -233
17886 -428 -231
17916 -426 -230
18006 -423 -228
18096 -420 -226
18156 1 0
18246 1 2
18276 -417 -225
18291 -411 -225
18306 -402 -224
18321 -396 -223
18336 -383 -222
18351 -369 -222
18366 -345 -220
18381 -329 -220
18396 -310 -220
18411 -293 -220
18426 -279 -219
18441 -274 -218
18456 -266 -217
18471 -251 -215
18486 -236 -211
18501 -215 -209
18516 -202 -206
18531 -190 -206
18546 -178 -206
18561 -173 -206
18576 -164 -206
18591 -159 -206
18606 -156 -206
18621 -151 -205
18636 -145 -205
18651 -136 -203
18666 -131 -203
18681 -129 -203
18696 -126 -202
18711 -124 -202
18726 -122 -201
18741 -120 -200
18756 -118 -200
18801 1 0
18891 1 2
18951 -123 -202
18966 -146 -211
18981 -225 -235
18996 -344 -270
19011 -484 -325
19027 -634 -389
19042 -708 -425
19057 -838 -473
19072 -952 -520
19087 -1036 -566
19102 -1093 -598
19117 -1122 -618
19132 -1149 -638
19147 -1164 -648
19162 -1170 -652
19177 -1185 -660
19192 -1199 -669
19207 -1216 -678
19222 -1230 -688
19237 -1248 -700
19252 -1267 -715
19267 -1286 -728
19282 -1299 -738
19297 -1303 -742
19312 -1312 -751
19327 -1319 -758
19342 -1329 -769
19357 -1333 -772
19402 -1334 -774
19432 -1339 -778
19447 -1347 -787
19462 -1353 -794
19477 -1357 -800
19492 -1362 -806
19507 -1370 -814
19522 -1374 -819
19537 -1375 -821
19582 1 0
19702 1 2
19837 1 0
19912 1 2
19972 -1366 -812
19987 -1322 -790
20002 -1238 -753
20017 -1173 -724
20032 -1037 -681
20047 -876 -629
20062 -711 -581
20077 -577 -540
20092 -484 -507
20107 -444 -486
20122 -426 -478
20137 -422 -476
20152 -421 -474
20167 -419 -473
20182 -418 -471
20197 -417 -469
20212 -415 -467
20242 -412 -463
20272 -406 -459
20302 -404 -458
20362 -408 -458
20377 -410 -458
20392 -415 -457
20407 -421 -457
20422 -423 -456
20437 -426 -456
20452 -428 -456
20467 1 0
20542 1 2
20587 -434 -461
20602 -455 -472
20617 -484 -480
20632 -558 -506
20647 -676 -545
20662 -825 -601
20677 -990 -655
20692 -1136 -717
20707 -1241 -748
20722 -1302 -777
20737 -1322 -794
20752 -1342 -806
20767 -1347 -810
20797 -1349 -813
20888 -1351 -814
20903 -1354 -816
20918 -1355 -818
20993 1 0
21098 1 2
21233 1 0
21323 1 2
21639 1 0
21729 1 2
21774 -1352 -812
21789 -1334 -783
21804 -1297 -746
21819 -1221 -660
21834 -1131 -578
21849 -1072 -535
21864 -958 -455
21879 -844 -384
21894 -754 -334
21909 -692 -290
21924 -648 -252
21939 -626 -239
21954 -606 -227
21969 -602 -224
21984 -588 -214
21999 -580 -206
22014 -572 -200
22029 -568 -197
22044 -566 -194
22059 -563 -194
22089 -562 -192
22179 -558 -196
22194 -553 -203
22209 -550 -207
22224 -545 -219
22239 -536 -243
22254 -526 -274
22269 -515 -315
22284 -509 -339
22299 -503 -352
22314 -502 -357
22464 -498 -355
22479 -496 -354
22494 -491 -350
22509 -479 -337
22524 -469 -326
22539 -461 -317
22554 -456 -314
22674 1 0
22749 1 2
22779 -458 -314
22794 -469 -318
22809 -478 -322
22824 -520 -329
22839 -586 -329
22854 -639 -329
22869 -685 -331
22884 -702 -332
22899 -711 -332
22914 -715 -333
22989 -717 -334
23004 -721 -335
23019 -730 -338
23034 -744 -344
23049 -752 -348
23064 -766 -352
23154 1 0
23259 1 2
23289 -768 -354
23304 -774 -358
23319 -789 -369
23334 -817 -385
23349 -864 -416
23364 -932 -473
23379 -1006 -520
23394 -1104 -583
23409 -1147 -610
23424 -1219 -650
23439 -1268 -682
23454 -1296 -706
23469 -1314 -718
23484 -1322 -724
23499 -1323 -727
23529 -1325 -728
23574 -1327 -733
23589 -1331 -737
23604 -1334 -742
23619 -1340 -747
23634 -1345 -755
23649 -1347 -758
23664 -1352 -764
23679 -1357 -770
23694 -1358 -775
23709 -1362 -780
23724 -1367 -786
23739 -1372 -793
23754 -1375 -798
23784 -1377 -800
23844 1 0
23934 1 2
23994 -1372 -798
24009 -1368 -794
24024 -1342 -775
24039 -1294 -739
24054 -1223 -689
24069 -1149 -658
24084 -1050 -622
24099 -929 -572
24114 -803 -519
24129 -745 -496
24144 -638 -447
24159 -559 -406
24174 -518 -378
24189 -498 -362
24204 -489 -349
24219 -481 -337
24234 -470 -326
24249 -467 -322
24264 -462 -319
24444 -459 -318
24459 -450 -323
24474 -441 -330
24489 -437 -333
24504 -432 -336
24519 -427 -340
24534 -422 -346
24549 -416 -353
24564 -412 -362
24579 -410 -367
24594 -408 -370
24609 -407 -372
24624 -406 -377
24639 -406 -380
24654 -406 -382
24759 1 0
24834 1 2
24879 -402 -380
24894 -388 -378
24909 -361 -374
24924 -325 -366
24939 -291 -359
24954 -244 -350
24969 -234 -347
24984 -215 -342
24999 -206 -339
25014 -204 -338
25029 -202 -338
25044 -200 -335
25059 -196 -333
25074 -189 -328
25089 -182 -324
25104 -173 -318
25119 -162 -310
25134 -154 -303
25149 -147 -297
25164 -143 -293
25179 -138 -287
25194 -134 -283
25209 -129 -278
25224 -126 -277
25239 -123 -273
25254 -121 -270
25269 -118 -268
25284 -116 -266
25299 -114 -262
25314 -112 -259
25329 -110 -258
25344 -107 -253
25390 1 0
25480 1 2
25510 -122 -261
25525 -177 -286
25540 -275 -320
25555 -406 -381
25570 -488 -417
25585 -640 -486
25600 -778 -542
25615 -901 -590
25630 -989 -630
25645 -1026 -654
25660 -1042 -666
25675 -1054 -672
25690 -1059 -675
25705 -1070 -682
25720 -1081 -686
25735 -1094 -690
25750 -1104 -695
25765 -1128 -703
25780 -1150 -714
25795 -1186 -728
25810 -1220 -740
25825 -1230 -745
25840 -1250 -753
25855 -1255 -755
25870 -1258 -757
25885 -1261 -758
25900 -1263 -759
25915 -1270 -763
25930 -1279 -765
25945 -1286 -768
25960 -1290 -770
25975 -1294 -772
25990 -1297 -773
26050 -1303 -776
26065 -1309 -779
26080 -1325 -789
26095 -1343 -799
26110 -1360 -806
26125 -1363 -809
26170 1 0
26245 1 2
26410 1 0
26485 1 2
26725 -1364 -811
26785 1 0
26875 1 2
26935 -1361 -808
26950 -1350 -795
26965 -1317 -756
26980 -1247 -677
26995 -1155 -590
27010 -1055 -498
27025 -966 -426
27040 -925 -400
27055 -854 -334
27070 -803 -296
27085 -774 -274
27100 -755 -258
27115 -741 -245
27130 -727 -235
27145 -722 -230
27160 -714 -225
27175 -704 -218
27190 -692 -211
27205 -682 -206
27220 -672 -202
27235 -668 -200
27250 -659 -196
27265 -657 -194
27280 -647 -187
27295 -637 -183
27310 -630 -180
27325 -624 -178
27340 -618 -176
27355 -606 -172
27370 -588 -166
27385 -582 -162
27400 -564 -157
27415 -552 -153
27430 -544 -151
27445 -542 -151
27550 1 0
27625 1 2
27655 -538 -151
27670 -521 -152
27685 -498 -152
27700 -473 -152
27715 -423 -151
27730 -372 -151
27745 -347 -150
27760 -310 -150
27775 -282 -150
27790 -267 -150
27805 -251 -150
27820 -241 -150
27835 -231 -150
27850 -218 -150
27865 -211 -150
27880 -200 -148
27895 -186 -146
27910 -174 -144
27925 -162 -140
27940 -151 -138
27955 -142 -138
27970 -134 -137
27985 -130 -137
28000 -125 -137
28015 -122 -137
28030 -118 -137
28045 -116 -136
28180 1 0
28270 1 2
28615 27 0
28750 27 2
30160 -767 -431
