804
0 -767 -431
765 87 0
930 2 0
1050 2 2
2296 2 0
2296 68 0
2461 2 2
3616 2 0
3691 68 2
3751 2 2
4307 68 0
4682 2 0
4787 2 2
5254 68 2
5314 87 2
5524 68 0
5825 68 2
6080 70 0
6200 70 2
6485 70 0
6560 70 2
6650 70 0
6725 70 2
6785 70 0
6845 70 2
6920 70 0
6965 70 2
7521 -770 -430
7536 -774 -428
7552 -779 -426
7566 -786 -424
7581 -790 -423
7596 -802 -422
7611 -827 -420
7626 -859 -419
7641 -883 -417
7656 -907 -416
7671 -937 -413
7686 -956 -412
7701 -964 -412
7716 -978 -411
7731 -989 -410
7746 -994 -410
7761 -998 -410
7776 -1003 -410
7791 -1017 -410
7806 -1032 -409
7821 -1037 -407
7836 -1052 -402
7851 -1068 -395
7866 -1082 -388
7881 -1094 -381
7896 -1106 -371
7911 -1118 -362
7926 -1127 -352
7941 -1132 -346
7956 -1135 -342
8031 1 0
8151 1 2
8511 70 0
8616 70 2
8691 70 0
8766 70 2
8826 70 0
8901 70 2
8991 70 0
9021 70 2
9876 -1133 -342
10101 -767 -431
10417 -769 -432
10462 -772 -432
10477 -777 -432
10492 -794 -433
10507 -824 -434
10523 -876 -435
10537 -946 -435
10553 -1030 -437
10567 -1125 -438
10582 -1209 -442
10597 -1229 -442
10612 -1262 -444
10626 -1278 -448
10641 -1294 -453
10657 -1305 -456
10672 -1309 -460
10687 -1310 -462
10717 -1312 -463
10732 -1314 -466
10747 -1319 -473
10762 -1328 -486
10777 -1337 -500
10792 -1341 -507
10807 -1344 -513
10822 -1347 -518
10837 -1351 -524
10852 -1352 -526
10867 1 0
10972 1 2
11167 -767 -431
11182 70 0
11287 70 2
11347 70 0
11422 70 2
11482 70 0
11542 70 2
11633 70 0
11678 70 2
11768 70 0
11843 70 2
12548 -773 -435
12563 -789 -444
12578 -806 -450
12593 -820 -456
12608 -836 -459
12623 -852 -463
12638 -863 -465
12653 -887 -471
12668 -906 -474
12683 -926 -478
12698 -945 -481
12713 -958 -483
12728 -970 -485
12743 -977 -486
12758 -984 -486
12773 -1001 -486
12788 -1020 -486
12803 -1038 -486
12818 -1053 -484
12833 -1066 -482
12848 -1072 -481
12864 -1077 -479
12878 -1081 -478
12908 -1084 -478
12923 -1086 -478
12983 1 0
13088 1 2
13208 -1082 -478
13223 -1073 -478
13239 -1042 -474
13253 -1022 -471
13268 -959 -463
13283 -894 -455
13298 -818 -446
13313 -719 -426
13328 -608 -398
13343 -482 -359
13358 -375 -318
13373 -338 -303
13388 -294 -278
13403 -270 -264
13418 -248 -249
13433 -230 -236
13448 -215 -227
13463 -205 -220
13478 -200 -217
13493 -198 -214
13508 -195 -212
13523 -191 -208
13538 -184 -204
13553 -174 -198
13568 -171 -196
13583 -166 -191
13598 -156 -186
13613 -149 -182
13628 -134 -172
13643 -127 -167
13658 -123 -163
13688 -120 -161
13703 -118 -158
13718 -114 -154
13748 -112 -151
13778 -110 -150
13793 -109 -148
13838 1 0
13928 1 2
14018 -113 -149
14033 -130 -158
14048 -200 -192
14063 -331 -255
14078 -518 -334
14093 -609 -375
14108 -781 -458
14123 -927 -538
14138 -1051 -616
14153 -1129 -662
14168 -1153 -684
14183 -1164 -698
14198 -1170 -706
14213 -1173 -711
14228 -1177 -717
14243 -1180 -720
14258 -1181 -722
14273 -1182 -725
14288 -1186 -729
14303 -1189 -733
14318 -1191 -735
14363 -1193 -737
14378 -1195 -740
14393 -1199 -745
14408 -1206 -753
14423 -1217 -760
14438 -1234 -774
14453 -1240 -781
14468 -1253 -786
14483 -1262 -791
14498 -1267 -794
14513 -1275 -798
14528 -1283 -800
14543 -1290 -801
14604 1 0
14679 1 2
14874 1 0
14964 1 2
15039 -1286 -799
15054 -1271 -788
15069 -1254 -780
15084 -1207 -749
15100 -1158 -706
15114 -1114 -647
15130 -1079 -598
15144 -1049 -543
15159 -1026 -502
15174 -1008 -463
15189 -994 -446
15204 -983 -423
15219 -976 -414
15234 -969 -400
15249 -957 -386
15264 -946 -371
15279 -931 -354
15294 -920 -338
15309 -915 -332
15324 -906 -314
15339 -897 -302
15354 -886 -290
15369 -878 -283
15384 -857 -278
15399 -830 -277
15414 -804 -280
15429 -794 -284
15444 -762 -292
15459 -723 -299
15474 -670 -310
15489 -597 -326
15504 -538 -342
15519 -488 -351
15534 -458 -358
15549 -442 -362
15564 -439 -362
15579 -437 -362
15759 -438 -360
15774 -439 -356
15790 -441 -350
15819 -442 -347
15849 1 0
15925 1 2
15940 -446 -347
15955 -474 -358
15970 -532 -390
15985 -644 -452
16000 -817 -536
16015 -1028 -638
16030 -1123 -682
16045 -1269 -747
16060 -1348 -787
16075 -1370 -803
16090 -1378 -811
16105 -1381 -814
16315 1 0
16420 1 2
16630 1 0
16720 1 2
17020 1 0
17155 1 2
17200 -1377 -810
17215 -1355 -790
17230 -1298 -739
17245 -1258 -705
17260 -1182 -641
17275 -1111 -586
17290 -1009 -514
17305 -903 -462
17320 -803 -410
17335 -722 -367
17350 -648 -326
17365 -595 -293
17380 -571 -279
17395 -548 -268
17410 -532 -262
17425 -520 -256
17440 -508 -249
17455 -498 -239
17470 -494 -235
17485 -492 -233
17500 -488 -230
17515 -486 -227
17530 -482 -225
17545 -481 -223
17560 -479 -223
17575 -476 -222
17591 -470 -221
17606 -467 -219
17621 -458 -216
17636 -445 -206
17651 -428 -193
17666 -418 -178
17681 -406 -165
17696 -400 -157
17711 -394 -150
17727 -391 -147
17816 -387 -145
17831 -385 -142
17996 1 0
18041 1 2
18101 -390 -140
18116 -401 -142
18131 -431 -153
18146 -492 -170
18161 -580 -198
18176 -663 -225
18191 -721 -245
18206 -731 -249
18221 -770 -262
18236 -787 -270
18251 -796 -272
18356 -799 -272
18371 -805 -273
18386 -814 -274
18401 -821 -274
18416 -824 -274
18476 1 0
18581 1 2
18611 -838 -285
18626 -886 -309
18641 -948 -356
18656 -1055 -426
18671 -1178 -522
18686 -1288 -609
18701 -1327 -635
18716 -1357 -669
18731 -1370 -687
18746 -1374 -694
18761 -1374 -699
18776 -1374 -703
18791 -1374 -711
18806 -1374 -717
18836 -1374 -722
18851 -1374 -726
18866 -1374 -729
18881 -1374 -734
18896 -1376 -739
18911 -1378 -746
18926 -1379 -755
18941 -1381 -764
18956 -1384 -775
18971 -1387 -786
18986 -1390 -797
19001 -1393 -806
19016 -1394 -811
19031 -1396 -815
19046 -1396 -817
19106 1 0
19181 1 2
19226 -1391 -814
19241 -1373 -804
19256 -1334 -786
19271 -1254 -740
19286 -1135 -681
19301 -1069 -630
19316 -924 -542
19331 -803 -466
19346 -712 -417
19361 -638 -373
19376 -585 -346
19391 -548 -321
19406 -528 -310
19421 -519 -306
19436 -505 -298
19451 -495 -293
19466 -488 -289
19481 -483 -286
19496 -481 -285
19526 -478 -284
19541 -474 -283
19556 -463 -281
19571 -454 -278
19586 -450 -276
19601 -447 -275
19617 -442 -271
19631 -424 -262
19646 -407 -253
19662 -396 -247
19677 -375 -233
19692 -359 -223
19707 -350 -217
19722 -348 -215
19752 1 0
19842 1 2
19857 -346 -215
19872 -337 -215
19887 -312 -214
19902 -279 -213
19917 -269 -213
19932 -227 -211
19947 -198 -211
19962 -184 -211
19977 -178 -210
19992 -174 -210
20007 -172 -210
20022 -168 -210
20037 -164 -210
20053 -157 -210
20067 -150 -210
20082 -146 -210
20097 -142 -210
20112 -137 -210
20127 -133 -209
20142 -130 -209
20172 -126 -208
20187 -119 -206
20202 -113 -206
20217 -106 -204
20247 -103 -204
20307 -99 -201
20322 -98 -198
20337 -97 -196
20382 1 0
20442 1 2
20472 -111 -196
20488 -136 -204
20502 -214 -228
20517 -266 -245
20532 -401 -300
20547 -558 -391
20562 -731 -493
20577 -863 -560
20592 -930 -593
20607 -961 -615
20622 -980 -628
20637 -990 -635
20652 -1006 -649
20667 -1024 -663
20682 -1038 -674
20697 -1059 -687
20712 -1085 -700
20727 -1108 -710
20742 -1125 -717
20757 -1141 -723
20772 -1147 -725
20787 -1161 -727
20802 -1176 -732
20817 -1194 -735
20832 -1216 -735
20847 -1225 -735
20863 -1232 -736
20877 -1240 -738
20892 -1246 -740
20907 -1262 -746
20922 -1286 -754
20937 -1312 -761
20952 -1343 -773
20968 -1356 -778
20983 -1359 -778
20998 -1361 -780
21058 -1363 -782
21103 -1366 -783
21133 -1369 -786
21179 -1371 -788
21195 -1374 -791
21223 -1378 -795
21253 1 0
21342 1 2
21372 -1380 -795
21387 -1381 -797
21402 -1383 -801
21417 -1386 -802
21432 -1387 -805
21462 -1389 -808
21492 -1390 -810
21567 1 0
21643 1 2
21703 -1374 -798
21718 -1346 -785
21733 -1260 -746
21748 -1163 -682
21763 -1051 -633
21778 -941 -570
21793 -862 -532
21808 -826 -510
21823 -804 -494
21838 -798 -490
21853 -790 -482
21868 -789 -479
21883 -786 -477
21898 -784 -473
21913 -780 -467
21928 -774 -458
21958 -774 -454
21988 -772 -449
22003 -772 -444
22018 -769 -436
22033 -763 -426
22048 -758 -418
22063 -746 -413
22078 -724 -409
22093 -702 -409
22108 -622 -416
22123 -545 -433
22138 -493 -449
22153 -482 -455
22168 -479 -456
22243 -477 -458
22363 1 0
22454 1 2
22499 -490 -458
22514 -511 -466
22529 -562 -484
22544 -662 -540
22559 -816 -615
22574 -994 -687
22589 -1068 -714
22604 -1160 -754
22619 -1184 -772
22634 -1200 -780
22649 -1208 -786
22664 -1215 -790
22680 -1222 -794
22695 -1230 -798
22709 -1234 -800
22725 -1237 -801
22739 -1240 -803
22769 -1242 -804
22784 -1246 -806
22799 -1250 -806
22859 -1252 -806
22874 -1256 -806
22889 -1262 -806
22919 1 0
23009 1 2
23069 -1266 -807
23084 -1274 -809
23099 -1280 -810
23115 -1282 -810
23234 1 0
23309 1 2
23354 -1284 -810
23369 -1288 -810
23384 -1290 -810
23399 -1294 -811
23429 -1298 -811
23444 -1302 -811
23459 -1304 -811
23474 -1310 -811
23489 -1314 -811
23504 -1317 -811
23535 -1319 -811
23549 -1322 -811
23669 1 0
23759 1 2
23819 -1318 -809
23834 -1303 -798
23849 -1276 -776
23864 -1210 -743
23879 -1134 -684
23894 -1039 -629
23910 -939 -561
23924 -886 -525
23939 -798 -458
23954 -726 -401
23969 -667 -366
23984 -643 -345
23999 -617 -326
24014 -602 -314
24029 -597 -310
24044 -584 -300
24059 -573 -294
24074 -564 -290
24089 -559 -289
24104 -554 -289
24119 -548 -288
24134 -542 -288
24149 -538 -288
24164 -534 -288
24179 -530 -288
24195 -521 -288
24209 -512 -288
24225 -506 -288
24359 1 0
24434 1 2
24483 -520 -286
24496 -527 -286
24511 -541 -286
24526 -562 -286
24541 -574 -287
24556 -597 -291
24571 -610 -295
24586 -624 -298
24602 -636 -301
24617 -652 -306
24631 -662 -310
24647 -672 -314
24661 -677 -317
24676 -686 -321
24691 -695 -326
24706 -708 -330
24721 -719 -336
24737 -726 -339
24752 -729 -341
24782 -731 -342
24797 -734 -346
24812 -739 -350
24827 -746 -355
24842 -747 -357
24857 -750 -358
24872 -752 -360
24887 -755 -362
24917 -757 -364
24947 1 0
25037 1 2
25052 -759 -365
25067 -768 -369
25083 -788 -382
25097 -849 -414
25112 -951 -483
25127 -1080 -569
25142 -1206 -654
25157 -1262 -694
25172 -1318 -738
25187 -1344 -766
25202 -1349 -772
25217 -1350 -775
25232 -1352 -778
25247 -1354 -782
25292 -1356 -786
25338 -1358 -790
25352 -1359 -792
25367 -1361 -794
25382 -1362 -796
25412 -1363 -798
25427 -1365 -798
25442 -1368 -803
25457 -1370 -806
25487 -1372 -808
25517 1 0
25607 1 2
25652 -1370 -807
25667 -1354 -794
25682 -1300 -759
25697 -1229 -709
25712 -1137 -650
25727 -1035 -604
25742 -985 -578
25757 -878 -533
25772 -792 -499
25787 -726 -470
25802 -692 -456
25817 -679 -445
25832 -662 -434
25847 -650 -426
25862 -642 -422
25877 -639 -420
25892 -633 -416
25907 -623 -410
25922 -611 -402
25937 -596 -394
25952 -580 -383
25967 -563 -376
25982 -553 -374
25997 -535 -366
26012 -519 -361
26027 -503 -353
26042 -490 -349
26057 -480 -346
26072 -470 -343
26087 -462 -340
26102 -455 -338
26117 -439 -332
26132 -424 -326
26147 -414 -322
26162 -406 -319
26177 -402 -317
26192 -400 -317
26207 -398 -316
26252 -395 -318
26267 -385 -324
26282 -374 -335
26297 -366 -352
26312 -359 -366
26327 -357 -374
26342 -357 -376
26432 1 0
26522 1 2
26567 -354 -374
26582 -340 -368
26597 -331 -363
26612 -310 -354
26627 -289 -345
26642 -261 -333
26657 -241 -322
26672 -224 -315
26687 -214 -308
26702 -205 -302
26717 -198 -298
26732 -187 -291
26747 -179 -286
26762 -173 -282
26777 -168 -279
26792 -161 -274
26807 -154 -272
26822 -148 -270
26837 -144 -268
26852 -138 -267
26882 -134 -266
26897 -130 -263
26912 -127 -261
26942 -125 -260
27047 1 0
27137 1 2
27167 -130 -258
27197 -133 -258
27212 -143 -264
27227 -186 -284
27242 -276 -327
27257 -394 -393
27272 -525 -451
27287 -658 -516
27302 -794 -578
27317 -855 -594
27332 -970 -650
27347 -1054 -679
27362 -1134 -714
27377 -1203 -745
27392 -1251 -771
27407 -1305 -796
27422 -1326 -807
27437 -1334 -810
27452 -1342 -816
27467 -1346 -818
27707 1 0
27797 1 2
27947 1 0
28037 1 2
28412 1 0
28487 1 2
28547 -1344 -818
28562 -1332 -810
28577 -1307 -791
28592 -1238 -758
28607 -1129 -687
28622 -1014 -624
28637 -948 -578
28652 -815 -494
28667 -691 -410
28682 -585 -343
28697 -517 -297
28712 -474 -270
28727 -452 -253
28742 -438 -242
28757 -431 -237
28772 -422 -230
28787 -419 -227
28802 -416 -224
28817 -411 -221
28832 -406 -218
28847 -402 -214
28862 -398 -213
28877 -398 -211
28892 -395 -211
28907 -393 -209
28922 -383 -202
28937 -373 -194
28952 -358 -183
28967 -342 -172
28982 -325 -162
28997 -318 -158
29012 -311 -151
29042 -310 -148
29102 1 0
29192 1 2
29357 27 0
29477 27 2
30767 65 0
30887 83 0
30902 -767 -431
31443 83 2
32149 87 0
32254 65 2
32704 2 0
32809 2 2
33739 2 0
33889 2 2
34625 65 0
35120 65 2
35345 2 0
35450 2 2
36335 2 0
36440 2 2
37311 2 0
37431 2 2
37927 68 0
38092 2 0
38227 2 2
38617 68 2
38797 87 2
1
1061109567 