678
0 -767 -431
632 2 0
726 2 2
834 87 0
1698 2 0
1839 2 2
2741 68 0
2835 2 0
3007 2 2
3844 2 0
4033 2 2
4443 68 2
4942 2 0
5005 68 0
5099 2 2
5541 68 2
5589 87 2
5668 70 0
5764 70 2
5859 70 0
5921 70 2
6332 70 0
6395 70 2
6475 70 0
6538 70 2
6618 70 0
6664 70 2
7059 -778 -431
7075 -804 -429
7091 -839 -426
7106 -897 -421
7121 -941 -417
7137 -973 -414
7153 -997 -414
7168 -1015 -414
7184 -1031 -413
7200 -1040 -410
7216 -1048 -407
7231 -1058 -405
7247 -1069 -402
7262 -1077 -399
7277 -1085 -396
7293 -1095 -390
7309 -1107 -383
7325 -1113 -380
7341 -1126 -374
7357 -1130 -372
7373 -1137 -367
7389 -1146 -362
7405 -1155 -353
7420 -1164 -346
7436 -1171 -342
7483 1 0
7595 1 2
8180 70 0
8228 70 2
8323 70 0
8387 70 2
8451 70 0
8512 70 2
9567 -767 -431
9946 -778 -436
9962 -802 -443
9977 -845 -452
9992 -905 -464
10007 -965 -476
10023 -1028 -492
10039 -1093 -508
10055 -1133 -521
10070 -1143 -525
10086 -1165 -533
10102 -1181 -539
10117 -1196 -547
10132 -1211 -555
10147 -1230 -566
10163 -1251 -577
10178 -1277 -587
10193 -1306 -602
10208 -1362 -618
10223 -1414 -638
10239 -1442 -646
10255 -1450 -650
10303 1 0
10430 1 2
10589 70 0
10589 -767 -431
10668 70 2
10779 70 0
10843 70 2
11111 70 0
11174 70 2
11254 70 0
11334 70 2
12011 -789 -434
12027 -812 -438
12043 -837 -442
12059 -870 -445
12075 -899 -448
12091 -926 -451
12107 -964 -454
12123 -993 -458
12139 -1011 -461
12155 -1031 -463
12171 -1053 -465
12187 -1063 -466
12203 -1077 -468
12219 -1082 -468
12298 -1085 -469
12314 -1087 -469
12376 1 0
12488 1 2
12927 -1084 -466
12942 -1078 -463
12958 -1048 -450
12974 -975 -422
12989 -866 -378
13004 -737 -331
13020 -572 -282
13036 -426 -241
13052 -294 -201
13068 -220 -170
13084 -193 -156
13100 -176 -149
13116 -170 -146
13131 -168 -143
13162 -166 -142
13177 -164 -141
13209 -162 -140
13241 -160 -139
13256 -155 -138
13272 -146 -136
13288 -142 -136
13304 -138 -136
13334 -135 -136
13366 1 0
13459 1 2
13490 -144 -143
13506 -193 -166
13522 -290 -214
13538 -443 -285
13554 -638 -381
13570 -837 -479
13586 -1007 -563
13602 -1137 -632
13618 -1208 -666
13634 -1237 -690
13650 -1250 -702
13666 -1257 -709
13682 -1265 -718
13698 -1276 -730
13714 -1291 -741
13730 -1302 -748
13745 -1310 -753
13760 -1314 -757
13776 -1318 -759
13792 -1322 -764
13808 -1325 -770
13823 -1330 -773
13839 -1335 -778
13855 -1346 -786
13871 -1358 -794
13887 -1366 -800
13903 -1373 -806
13918 -1380 -810
13934 -1386 -814
13981 1 0
14092 1 2
14346 1 0
14425 1 2
14456 -1374 -809
14471 -1338 -792
14487 -1251 -753
14503 -1128 -703
14519 -1007 -653
14535 -883 -597
14551 -772 -548
14567 -671 -494
14583 -602 -454
14599 -547 -410
14615 -506 -386
14631 -478 -365
14647 -465 -357
14663 -458 -350
14678 -456 -346
14694 -453 -342
14710 -447 -337
14725 -443 -334
14757 -442 -332
14773 -442 -330
14789 -437 -325
14805 -430 -316
14821 -425 -310
14868 1 0
14978 1 2
15024 -428 -313
15040 -433 -319
15056 -450 -335
15072 -502 -367
15088 -591 -435
15104 -724 -518
15120 -874 -610
15136 -1020 -686
15152 -1120 -730
15168 -1177 -762
15184 -1202 -780
15200 -1218 -789
15216 -1230 -795
15232 -1237 -801
15248 -1241 -803
15263 -1245 -805
15327 -1247 -806
15342 -1251 -808
15358 -1254 -809
15374 -1261 -810
15405 -1265 -811
15437 -1275 -812
15452 -1291 -815
15467 -1305 -817
15483 1 0
15483 -1307 -817
15579 1 2
15800 1 0
15896 1 2
16022 -1309 -818
16196 1 0
16275 1 2
16339 -1306 -815
16355 -1295 -804
16371 -1281 -786
16387 -1242 -732
16402 -1143 -652
16418 -1026 -562
16433 -902 -482
16448 -777 -414
16464 -664 -356
16480 -557 -298
16496 -474 -258
16511 -406 -222
16527 -362 -195
16543 -332 -178
16559 -316 -170
16575 -311 -166
16591 -307 -163
16622 -304 -160
16701 -302 -159
16733 -299 -156
16876 1 0
16939 1 2
16971 -311 -159
16987 -355 -167
17002 -444 -184
17018 -528 -200
17034 -598 -208
17050 -663 -212
17066 -704 -214
17082 -722 -214
17098 -734 -214
17114 -740 -214
17129 -746 -215
17145 -750 -215
17160 -754 -216
17175 -757 -217
17191 -763 -222
17206 -770 -225
17222 -778 -231
17237 -786 -237
17253 -792 -241
17269 -795 -243
17285 -798 -246
17301 -802 -252
17317 -810 -259
17333 -814 -266
17348 -818 -269
17364 -820 -271
17380 1 0
17473 1 2
17504 -825 -273
17519 -837 -283
17535 -867 -306
17551 -903 -340
17567 -962 -387
17583 -1028 -461
17599 -1099 -526
17615 -1157 -577
17631 -1198 -625
17647 -1222 -654
17662 -1235 -669
17677 -1241 -678
17692 -1250 -692
17707 -1256 -704
17723 -1264 -717
17739 -1274 -727
17755 -1282 -738
17771 -1287 -746
17787 -1294 -754
17803 -1298 -761
17818 -1306 -766
17834 -1310 -770
17850 -1313 -774
17866 -1316 -778
17882 -1321 -785
17898 -1326 -789
17945 -1327 -791
17961 -1329 -793
17976 -1334 -797
17992 -1339 -802
18024 1 0
18134 1 2
18164 -1337 -800
18180 -1324 -792
18196 -1271 -768
18212 -1195 -730
18228 -1091 -666
18243 -978 -599
18258 -862 -531
18274 -759 -477
18290 -676 -433
18306 -619 -392
18322 -584 -372
18338 -567 -359
18354 -546 -342
18370 -529 -330
18386 -508 -317
18401 -490 -307
18417 -474 -299
18433 -459 -292
18448 -449 -285
18464 -441 -281
18480 -435 -277
18496 -430 -274
18512 -426 -272
18527 -422 -270
18542 -417 -266
18558 -406 -260
18573 -389 -250
18589 -371 -242
18605 -358 -236
18621 -353 -234
18637 -350 -232
18653 -346 -232
18669 -343 -230
18732 1 0
18811 1 2
18843 -334 -229
18858 -320 -227
18874 -298 -225
18890 -274 -222
18906 -251 -219
18921 -233 -215
18937 -221 -212
18953 -208 -210
18969 -193 -204
18985 -186 -202
19001 -175 -200
19017 -165 -196
19033 -153 -194
19048 -141 -190
19064 -130 -188
19080 -121 -187
19096 -114 -186
19112 -109 -186
19128 -102 -185
19144 -97 -185
19160 -92 -185
19175 -87 -185
19190 -85 -185
19238 1 0
19333 1 2
19396 -86 -187
19412 -90 -190
19428 -103 -201
19443 -132 -219
19458 -191 -250
19474 -279 -293
19490 -389 -343
19505 -496 -392
19521 -602 -455
19536 -714 -512
19552 -826 -559
19568 -922 -601
19583 -989 -632
19599 -1050 -660
19615 -1092 -682
19630 -1138 -704
19646 -1166 -718
19662 -1176 -724
19678 -1206 -734
19694 -1228 -745
19710 -1247 -756
19726 -1267 -767
19742 -1286 -779
19758 -1302 -786
19774 -1311 -792
19789 -1316 -794
19804 -1319 -796
19820 -1323 -798
19835 -1330 -803
19850 -1336 -806
19866 -1339 -809
19881 -1343 -811
19896 -1348 -814
19912 -1354 -818
19928 -1356 -818
19975 1 0
20086 1 2
20319 1 0
20412 1 2
20427 -1353 -818
20442 -1339 -814
20458 -1318 -805
20474 -1274 -792
20490 -1210 -770
20505 -1126 -743
20521 -1041 -715
20537 -959 -688
20553 -885 -659
20568 -808 -630
20584 -726 -598
20600 -654 -572
20616 -584 -543
20632 -542 -522
20648 -506 -508
20663 -492 -502
20679 -482 -496
20694 -476 -492
20710 -474 -490
20725 -472 -490
20756 -470 -488
20787 -469 -486
20803 -466 -483
20819 -460 -477
20835 -455 -472
20899 1 0
20979 1 2
21027 -474 -481
21043 -544 -509
21059 -655 -550
21075 -782 -597
21091 -911 -637
21106 -1034 -675
21122 -1139 -712
21137 -1200 -738
21152 -1238 -748
21168 -1250 -752
21184 -1264 -757
21200 -1277 -759
21216 -1289 -762
21232 -1302 -766
21248 -1316 -769
21264 -1327 -770
21280 -1332 -773
21295 -1338 -774
21310 -1342 -775
21373 -1346 -778
21389 -1349 -778
21405 -1353 -781
21437 1 0
21532 1 2
21548 -1358 -784
21563 -1368 -793
21578 -1376 -800
21594 -1382 -805
21610 -1385 -806
21689 1 0
21769 1 2
22037 1 0
22116 1 2
22416 1 0
22495 1 2
22621 -1353 -797
22637 -1335 -790
22653 -1237 -750
22669 -1182 -723
22685 -1061 -641
22701 -938 -550
22717 -821 -456
22733 -731 -382
22748 -666 -336
22764 -618 -299
22780 -595 -278
22796 -581 -260
22811 -570 -248
22827 -558 -236
22843 -546 -223
22859 -538 -214
22874 -533 -208
22889 -528 -202
22905 -523 -198
22921 -511 -186
22937 -505 -179
22953 -498 -174
22968 -498 -171
22984 -494 -166
23000 -490 -163
23016 -483 -155
23032 -478 -148
23048 -475 -146
23127 1 0
23222 1 2
23253 -486 -159
23268 -504 -175
23284 -540 -204
23300 -569 -226
23316 -605 -250
23332 -640 -267
23348 -655 -278
23364 -666 -283
23380 -671 -286
23396 -675 -290
23412 -682 -296
23428 -690 -302
23443 -695 -305
23458 -698 -308
23490 -700 -310
23505 -702 -311
23520 -705 -314
23535 -711 -319
23551 -718 -325
23566 -722 -328
23582 -730 -336
23598 -739 -344
23614 -744 -347
23630 -748 -351
23646 -754 -356
23661 -758 -360
23677 -762 -362
23692 1 0
23786 1 2
23834 -774 -373
23850 -802 -393
23865 -853 -438
23881 -923 -488
23897 -1004 -544
23913 -1094 -607
23929 -1177 -667
23944 -1238 -717
23959 -1285 -749
23975 -1306 -764
23991 -1318 -772
24007 -1323 -776
24023 -1325 -778
24053 -1330 -782
24069 -1334 -784
24085 -1337 -786
24117 -1342 -789
24149 -1344 -790
24274 -1347 -793
24290 -1357 -798
24305 -1370 -807
24321 -1381 -812
24338 -1382 -814
24353 1 0
24464 1 2
24496 -1378 -811
24512 -1362 -798
24528 -1314 -770
24544 -1234 -722
24559 -1135 -658
24575 -1034 -604
24590 -980 -579
24605 -831 -499
24621 -741 -454
24637 -675 -410
24653 -646 -389
24669 -587 -347
24685 -575 -338
24701 -542 -321
24717 -506 -300
24733 -486 -287
24748 -466 -278
24764 -454 -272
24780 -446 -268
24796 -444 -266
24812 -438 -263
24828 -430 -258
24843 -421 -254
24859 -416 -250
24875 -413 -250
25033 1 0
25129 1 2
25196 -387 -250
25223 -351 -251
25239 -330 -253
25255 -312 -253
25271 -294 -253
25287 -284 -253
25303 -272 -253
25318 -267 -252
25334 -256 -252
25349 -246 -250
25365 -230 -250
25381 -213 -247
25397 -199 -245
25413 -188 -243
25429 -174 -242
25445 -163 -240
25460 -154 -237
25476 -143 -234
25491 -130 -231
25507 -119 -228
25523 -113 -227
25539 -110 -227
25617 1 0
25727 1 2
25758 -108 -227
25822 -111 -230
25838 -125 -241
25854 -170 -262
25870 -301 -331
25886 -459 -410
25902 -645 -474
25918 -858 -569
25934 -1063 -657
25949 -1229 -714
25965 -1341 -762
25981 -1397 -787
25997 -1408 -794
26013 -1412 -796
26139 -1414 -796
26155 -1427 -797
26171 -1435 -796
26187 -1439 -794
26298 1 0
26392 1 2
26612 1 0
26707 1 2
26803 -1435 -794
26819 -1432 -795
26835 -1427 -798
26851 -1422 -798
26867 -1418 -798
26883 -1416 -799
26899 -1414 -799
27009 1 0
27087 1 2
27135 -1410 -796
27151 -1398 -788
27167 -1377 -777
27183 -1346 -765
27199 -1309 -750
27215 -1271 -730
27231 -1230 -710
27246 -1190 -685
27262 -1140 -656
27278 -1064 -597
27294 -982 -546
27310 -893 -477
27326 -801 -418
27342 -728 -371
27357 -679 -339
27373 -641 -316
27389 -613 -297
27405 -603 -291
27421 -579 -276
27437 -561 -261
27453 -554 -256
27469 -540 -245
27485 -534 -241
27501 -525 -234
27517 -515 -229
27533 -512 -226
27549 -506 -222
27565 -503 -220
27581 -498 -215
27596 -489 -209
27612 -479 -201
27627 -466 -190
27643 -451 -177
27658 -438 -165
27673 -428 -155
27689 -418 -148
27705 -414 -145
27721 -409 -139
27737 -406 -138
27752 1 0
27880 1 2
28101 27 0
28245 27 2
1
1061109567 