978
0 -767 -431
690 2 0
720 87 0
795 2 2
1621 2 0
1711 2 2
1831 68 0
2447 2 0
2567 2 2
3213 68 2
3289 2 0
3409 2 2
3859 68 0
4129 2 0
4234 2 2
4414 87 2
4550 68 2
4685 70 0
4775 70 2
5210 70 0
5300 70 2
5375 70 0
5435 70 2
5510 70 0
5555 70 2
6350 -776 -426
6365 -816 -413
6380 -885 -392
6395 -967 -371
6410 -1015 -361
6426 -1095 -344
6441 -1153 -330
6456 -1198 -319
6471 -1214 -314
6486 -1221 -312
6650 -1222 -317
6665 -1223 -322
6681 -1226 -328
6695 -1226 -332
6710 -1227 -334
6785 1 0
6890 1 2
7415 70 0
7490 70 2
7551 70 0
7701 70 2
8826 -767 -431
9277 -795 -432
9292 -869 -434
9307 -959 -435
9322 -1006 -435
9337 -1089 -437
9352 -1160 -438
9368 -1221 -438
9382 -1254 -438
9397 -1274 -438
9412 -1286 -438
9427 -1294 -438
9442 -1298 -437
9457 -1309 -436
9472 -1319 -436
9487 -1324 -436
9517 1 0
9636 1 2
9832 -767 -431
10057 70 0
10117 70 2
10507 70 0
10597 70 2
10672 70 0
10762 70 2
11422 -771 -430
11437 -786 -430
11452 -800 -432
11467 -807 -434
11482 -820 -435
11497 -834 -437
11512 -854 -440
11527 -869 -441
11542 -886 -441
11557 -910 -442
11572 -934 -446
11587 -947 -446
11602 -968 -448
11617 -982 -450
11632 -1000 -454
11647 -1011 -457
11662 -1022 -458
11677 -1033 -460
11692 -1038 -460
11707 -1041 -460
11722 -1045 -460
11752 -1047 -460
11782 1 0
11917 1 2
12082 -1049 -461
12097 -1049 -459
12112 -1047 -459
12277 -1036 -459
12292 -1032 -462
12308 -1032 -460
12517 -1036 -464
12532 -1041 -470
12547 -1044 -474
12562 -1051 -480
12577 -1057 -486
12592 -1070 -502
12607 -1097 -527
12622 -1130 -559
12637 -1177 -605
12652 -1218 -641
12668 -1235 -653
12683 -1263 -676
12697 -1316 -722
12712 -1349 -751
12728 -1373 -776
12743 -1383 -790
12757 -1387 -794
12772 -1389 -796
12862 -1378 -795
12877 -1311 -782
12892 -1209 -755
12907 -1118 -723
12922 -1090 -709
12937 -1064 -694
12952 -1061 -690
13012 -1068 -700
13027 -1075 -710
13042 -1086 -723
13057 -1088 -726
13089 -1079 -721
13103 -1050 -705
13119 -990 -678
13132 -906 -645
13147 -782 -601
13162 -715 -575
13177 -611 -533
13192 -556 -488
13207 -530 -468
13222 -509 -446
13237 -492 -429
13252 -472 -414
13267 -457 -398
13282 -448 -389
13297 -423 -369
13312 -399 -346
13327 -377 -327
13342 -358 -313
13357 -343 -300
13373 -326 -281
13387 -293 -255
13404 -256 -230
13419 -247 -224
13434 -235 -213
13448 -226 -206
13464 -220 -200
13478 -214 -196
13494 -209 -193
13509 -206 -190
13523 -204 -190
13538 -202 -190
13553 -198 -186
13568 -190 -182
13583 -182 -178
13598 -168 -171
13613 -157 -161
13628 -146 -150
13643 -142 -145
13658 -131 -134
13673 -126 -126
13688 -121 -122
13703 -118 -119
13718 -116 -116
13733 -114 -114
13763 1 0
13898 1 2
13913 -118 -117
13928 -141 -130
13943 -177 -153
13958 -252 -196
13973 -318 -244
13988 -367 -280
14003 -378 -293
14018 -396 -312
14033 -406 -322
14048 -409 -326
14063 -412 -330
14078 -414 -332
14093 -415 -334
14108 -417 -335
14124 -418 -337
14138 -421 -338
14153 -423 -341
14168 -426 -342
14228 1 0
14319 1 2
14364 -428 -344
14379 -430 -346
14394 -444 -355
14409 -492 -377
14424 -574 -414
14439 -705 -491
14454 -852 -575
14469 -992 -658
14484 -1103 -725
14499 -1144 -750
14514 -1203 -794
14529 -1227 -812
14544 -1246 -826
14560 -1251 -829
14574 -1260 -834
14591 -1266 -837
14605 -1272 -840
14620 -1277 -844
14634 -1279 -845
14650 -1282 -846
14739 -1284 -847
14754 -1287 -846
14769 -1293 -842
14784 -1298 -838
14799 -1306 -833
14814 -1314 -826
14829 -1319 -823
14844 -1321 -822
14874 1 0
14964 1 2
15174 1 0
15249 1 2
15279 -1317 -809
15294 -1306 -792
15311 -1270 -730
15325 -1224 -653
15340 -1147 -563
15354 -1117 -534
15369 -1082 -477
15385 -1057 -446
15399 -1032 -405
15414 -1014 -382
15429 -998 -353
15444 -981 -334
15459 -974 -326
15474 -962 -312
15489 -952 -302
15504 -944 -293
15519 -940 -286
15534 -936 -283
15549 -931 -282
15564 -928 -278
15579 -926 -278
15594 -918 -278
15609 -903 -275
15624 -889 -274
15639 -870 -274
15654 -858 -273
15669 -850 -271
15684 -843 -270
15714 -840 -270
15744 1 0
15834 1 2
15849 -845 -276
15864 -860 -294
15879 -898 -332
15894 -966 -403
15909 -1062 -494
15924 -1170 -590
15939 -1213 -627
15954 -1254 -679
15969 -1290 -714
15984 -1311 -741
15999 -1322 -754
16014 -1326 -761
16029 -1330 -764
16044 -1336 -770
16059 -1338 -774
16074 -1342 -778
16090 -1344 -781
16121 -1346 -785
16149 -1352 -790
16164 -1355 -794
16194 -1358 -795
16254 1 0
16344 1 2
16389 -1359 -797
16419 -1362 -799
16449 -1363 -802
16464 -1365 -804
16494 -1366 -806
16584 1 0
16644 1 2
16689 -1362 -804
16705 -1340 -790
16719 -1255 -735
16734 -1137 -685
16749 -1004 -626
16764 -894 -573
16779 -852 -554
16794 -794 -518
16810 -763 -488
16824 -744 -470
16839 -723 -454
16854 -700 -442
16870 -680 -432
16885 -662 -425
16899 -651 -419
16914 -640 -411
16930 -630 -406
16944 -620 -401
16959 -606 -395
16974 -597 -390
16989 -586 -383
17004 -578 -379
17019 -573 -376
17034 -567 -373
17049 -554 -367
17064 -542 -361
17079 -527 -354
17094 -509 -346
17109 -488 -341
17124 -478 -337
17139 -469 -333
17154 -467 -332
17169 -464 -330
17199 1 0
17289 1 2
17319 -466 -330
17334 -472 -340
17349 -511 -362
17364 -599 -426
17379 -734 -485
17394 -824 -532
17409 -971 -596
17424 -1074 -648
17439 -1135 -690
17454 -1185 -722
17469 -1205 -734
17484 -1222 -746
17499 -1231 -752
17514 -1236 -755
17529 -1246 -762
17544 -1256 -768
17560 -1261 -772
17574 -1266 -777
17589 -1271 -778
17604 -1276 -783
17620 -1282 -787
17634 -1286 -790
17650 -1291 -792
17664 -1299 -797
17681 -1309 -802
17695 -1317 -810
17710 -1325 -813
17725 -1334 -817
17740 -1339 -821
17755 -1342 -822
17785 1 0
17875 1 2
17920 -1338 -820
17935 -1324 -804
17950 -1268 -751
17965 -1182 -685
17980 -1063 -601
17996 -925 -513
18010 -860 -473
18026 -741 -397
18041 -640 -337
18057 -570 -283
18071 -526 -251
18085 -493 -228
18100 -478 -213
18115 -468 -207
18130 -455 -194
18146 -443 -184
18161 -431 -174
18176 -417 -163
18191 -402 -154
18206 -394 -148
18221 -387 -143
18236 -383 -140
18266 -380 -138
18281 -376 -135
18296 -371 -131
18311 -366 -128
18326 -362 -126
18341 -361 -124
18431 1 0
18506 1 2
18551 -369 -126
18566 -406 -136
18581 -473 -149
18596 -550 -166
18611 -588 -172
18626 -651 -189
18641 -697 -206
18656 -724 -214
18671 -735 -218
18686 -741 -221
18701 -745 -224
18716 -750 -226
18731 -754 -228
18746 -762 -234
18761 -774 -241
18776 -785 -246
18791 -794 -252
18808 -801 -257
18822 -804 -258
18837 -806 -261
18851 -809 -262
18866 -813 -265
18881 -818 -268
18896 -826 -272
18911 -829 -274
18926 -833 -278
18941 -835 -278
18971 1 0
19046 1 2
19091 -837 -280
19106 -845 -286
19121 -860 -296
19137 -885 -310
19152 -920 -342
19167 -974 -385
19182 -1038 -453
19196 -1099 -523
19212 -1156 -583
19226 -1186 -612
19241 -1228 -658
19256 -1255 -688
19271 -1275 -709
19286 -1288 -726
19301 -1295 -735
19316 -1300 -742
19331 -1301 -744
19346 -1306 -750
19361 -1313 -758
19376 -1318 -767
19391 -1326 -776
19406 -1334 -786
19421 -1337 -788
19436 -1341 -793
19452 -1342 -796
19467 -1344 -798
19482 -1346 -800
19497 -1346 -802
19512 -1348 -804
19527 -1350 -807
19542 -1354 -812
19558 -1354 -814
19572 1 0
19677 1 2
19737 -1338 -799
19752 -1286 -757
19767 -1190 -703
19782 -1072 -642
19797 -939 -558
19812 -808 -495
19827 -742 -458
19842 -654 -410
19857 -597 -375
19873 -567 -350
19887 -537 -326
19902 -514 -307
19917 -484 -286
19933 -458 -270
19947 -449 -264
19962 -434 -253
19977 -422 -247
19993 -415 -243
20007 -408 -239
20022 -404 -235
20037 -399 -234
20052 -395 -231
20067 -393 -230
20082 -386 -227
20097 -378 -223
20112 -372 -221
20127 -368 -218
20172 -366 -217
20232 1 0
20307 1 2
20339 -362 -217
20352 -340 -216
20368 -315 -214
20382 -294 -211
20397 -269 -207
20412 -248 -202
20427 -239 -201
20442 -224 -200
20457 -216 -198
20472 -208 -196
20487 -198 -195
20502 -187 -194
20517 -175 -194
20532 -162 -193
20547 -154 -192
20562 -141 -191
20577 -130 -190
20592 -122 -190
20607 -114 -188
20622 -111 -187
20637 -108 -187
20652 -102 -186
20667 -96 -186
20683 -94 -186
20697 -91 -186
20727 -88 -185
20743 -86 -185
20802 1 0
20877 1 2
20937 -88 -185
20952 -93 -189
20967 -102 -195
20982 -114 -206
20997 -138 -222
21012 -174 -240
21028 -213 -259
21042 -232 -268
21058 -254 -279
21073 -286 -292
21088 -300 -299
21102 -310 -304
21118 -322 -311
21132 -337 -321
21147 -343 -326
21162 -363 -338
21177 -386 -356
21192 -399 -370
21207 -404 -376
21222 -409 -385
21237 -411 -390
21252 -414 -398
21267 -415 -402
21282 -418 -407
21297 -418 -414
21312 -421 -419
21327 -423 -426
21342 -425 -431
21357 -426 -434
21372 -427 -438
21417 1 0
21522 1 2
21537 -429 -441
21552 -438 -448
21567 -462 -459
21582 -512 -480
21597 -574 -506
21612 -674 -544
21627 -733 -573
21642 -870 -626
21657 -1010 -679
21672 -1107 -722
21687 -1166 -750
21702 -1210 -775
21717 -1237 -791
21732 -1254 -802
21747 -1263 -805
21762 -1277 -811
21777 -1293 -816
21792 -1306 -821
21808 -1315 -825
21823 -1321 -826
21838 -1325 -827
21882 -1327 -828
21927 1 0
22047 1 2
22077 -1329 -830
22244 -1327 -829
22273 -1322 -826
22288 -1320 -824
22303 -1318 -822
22333 1 0
22438 1 2
22528 -1315 -822
22543 -1312 -819
22573 -1307 -815
22588 -1303 -810
22603 -1298 -804
22620 -1266 -760
22634 -1250 -742
22648 -1177 -666
22663 -1112 -610
22678 -1062 -554
22693 -1019 -510
22708 -990 -481
22723 -981 -470
22738 -966 -455
22753 -952 -442
22768 -942 -434
22783 -932 -426
22798 -921 -419
22813 -915 -414
22828 -912 -413
22858 -910 -411
22888 -902 -410
22903 -879 -410
22918 -854 -410
22933 -826 -405
22948 -808 -401
22963 -804 -398
22979 -795 -392
22993 -790 -388
23009 -784 -385
23023 -782 -382
23038 1 0
23143 1 2
23203 -787 -388
23218 -806 -405
23233 -865 -446
23248 -941 -501
23263 -1020 -566
23278 -1095 -616
23293 -1149 -658
23309 -1183 -688
23323 -1198 -699
23340 -1234 -732
23353 -1242 -737
23368 -1262 -749
23383 -1273 -754
23398 -1287 -762
23413 -1296 -769
23428 -1306 -775
23442 -1310 -777
23457 -1314 -779
23472 -1315 -781
23502 -1319 -783
23517 -1326 -788
23532 -1334 -794
23547 -1340 -797
23577 -1343 -800
23592 -1345 -800
23607 -1348 -802
23623 -1351 -805
23637 1 0
23637 -1354 -806
23743 1 2
23758 -1356 -808
23848 -1358 -808
23968 1 0
24073 1 2
24104 -1347 -802
24119 -1296 -778
24133 -1210 -746
24148 -1090 -710
24163 -1025 -689
24178 -891 -652
24193 -772 -618
24208 -700 -593
24223 -666 -578
24238 -650 -570
24253 -640 -564
24268 -632 -559
24283 -622 -557
24298 -612 -554
24313 -598 -550
24328 -586 -546
24343 -576 -542
24358 -571 -539
24373 -566 -536
24388 -554 -530
24403 -551 -528
24418 -538 -520
24433 -524 -514
24448 -514 -507
24463 -502 -498
24478 -496 -492
24494 -482 -481
24510 -469 -470
24523 -466 -468
24538 -460 -463
24553 -458 -462
24583 1 0
24673 1 2
24703 -462 -464
24718 -490 -474
24733 -565 -502
24747 -699 -546
24762 -787 -575
24777 -958 -632
24792 -1081 -684
24808 -1146 -708
24823 -1186 -730
24838 -1202 -738
24853 -1207 -742
24869 -1210 -744
24882 -1212 -746
24897 -1215 -747
24912 -1222 -750
24927 -1225 -753
24942 -1229 -755
24957 -1232 -758
24972 -1241 -764
24987 -1249 -770
25002 -1254 -774
25017 -1262 -778
25032 -1268 -781
25047 -1271 -783
25062 -1275 -786
25077 -1285 -793
25092 -1294 -799
25107 -1304 -806
25124 -1313 -812
25137 -1315 -814
25153 -1318 -815
25167 1 0
25272 1 2
25347 -1315 -814
25362 -1298 -802
25377 -1238 -774
25392 -1166 -736
25407 -1071 -671
25422 -979 -616
25437 -894 -562
25452 -818 -507
25467 -761 -474
25482 -734 -460
25497 -691 -434
25512 -639 -409
25527 -605 -391
25542 -577 -376
25558 -560 -363
25572 -534 -349
25588 -517 -337
25602 -509 -332
25618 -500 -327
25632 -494 -324
25647 -491 -322
25662 -489 -322
25677 -485 -322
25692 -478 -322
25707 -474 -322
25738 -471 -322
25753 -468 -322
25768 -464 -323
25783 -457 -323
25798 -452 -324
25888 -450 -324
25918 1 0
26008 1 2
26053 -455 -324
26068 -464 -326
26083 -475 -328
26098 -494 -332
26113 -529 -337
26128 -569 -342
26143 -594 -345
26158 -610 -346
26173 -615 -347
26188 -618 -347
26218 -622 -347
26233 -624 -347
26248 -629 -347
26263 -635 -347
26278 -639 -347
26294 -644 -348
26308 -650 -350
26323 -652 -350
26339 -664 -352
26353 -670 -354
26369 -683 -355
26384 -695 -357
26399 -706 -358
26413 -714 -360
26428 -719 -362
26443 -721 -362
26458 -725 -363
26488 1 0
26593 1 2
26653 -728 -364
26668 -730 -365
26698 -733 -366
26713 -737 -369
26729 -750 -375
26744 -762 -381
26758 -772 -385
26774 -775 -387
26788 -779 -388
26864 1 0
26939 1 2
26969 -785 -390
26984 -790 -393
26999 -806 -399
27014 -824 -408
27029 -842 -419
27044 -861 -431
27060 -898 -457
27074 -927 -474
27089 -998 -536
27104 -1088 -601
27120 -1179 -670
27134 -1239 -719
27149 -1280 -751
27164 -1298 -768
27179 -1303 -773
27194 -1310 -778
27344 -1312 -780
27359 -1314 -783
27374 -1317 -785
27389 1 0
27389 -1320 -786
27404 -1322 -790
27419 -1324 -790
27435 -1328 -794
27449 -1330 -797
27464 -1332 -799
27479 -1333 -801
27524 1 2
27734 1 0
27824 1 2
27929 -1326 -798
27944 -1302 -785
27959 -1238 -758
27974 -1144 -719
27989 -1034 -658
28004 -923 -621
28019 -876 -599
28034 -767 -556
28049 -674 -522
28064 -609 -498
28079 -570 -482
28094 -544 -470
28109 -524 -454
28124 -509 -446
28139 -496 -441
28154 -476 -430
28169 -449 -422
28184 -438 -417
28199 -425 -412
28214 -419 -410
28229 -415 -408
28244 -412 -406
28260 -410 -406
28275 -406 -405
28290 -404 -404
28304 -395 -402
28319 -390 -402
28334 -386 -401
28424 1 0
28484 1 2
28529 -381 -397
28545 -361 -386
28559 -339 -374
28574 -309 -359
28589 -262 -340
28604 -221 -321
28620 -191 -306
28634 -182 -301
28650 -162 -290
28664 -146 -281
28679 -136 -271
28694 -130 -267
28709 -121 -259
28724 -115 -254
28739 -111 -251
28754 -105 -245
28769 -100 -240
28784 -97 -234
28799 -91 -229
28814 -88 -225
28829 -86 -222
28859 -84 -221
28889 -82 -219
29025 -84 -222
29040 -86 -230
29054 -88 -235
29069 -90 -240
29084 -94 -245
29114 -96 -248
29129 -98 -250
29159 1 0
29219 1 2
29264 -102 -251
29279 -118 -256
29294 -154 -264
29309 -232 -286
29324 -354 -322
29339 -522 -385
29355 -687 -431
29370 -768 -458
29384 -898 -510
29400 -1009 -558
29414 -1090 -600
29430 -1136 -626
29444 -1153 -640
29459 -1166 -650
29474 -1205 -671
29489 -1238 -690
29504 -1270 -706
29519 -1297 -719
29534 -1312 -730
29549 -1326 -738
29564 -1338 -744
29579 -1346 -747
29609 -1350 -749
29639 -1353 -750
29654 -1355 -752
29669 -1357 -752
29729 -1361 -755
29744 -1365 -757
29819 -1369 -759
29834 -1373 -761
29849 -1376 -765
29864 -1383 -770
29879 -1388 -775
29894 -1391 -779
29909 -1398 -786
29924 -1405 -792
29939 -1406 -794
29954 -1407 -796
29984 1 0
30089 1 2
30194 1 0
30284 1 2
30419 -1408 -798
30435 -1408 -800
30464 -1409 -802
30494 -1410 -805
30509 -1410 -807
30524 -1411 -809
30599 1 0
30705 1 2
30780 -1406 -804
30795 -1399 -796
30810 -1374 -778
30825 -1307 -719
30841 -1214 -654
30855 -1114 -586
30871 -1012 -510
30885 -903 -425
30901 -798 -353
30915 -748 -325
30931 -652 -267
30945 -592 -231
30960 -548 -203
30975 -511 -179
30990 -486 -165
31005 -470 -153
31020 -450 -143
31035 -442 -139
31050 -436 -136
31065 -434 -134
31095 -432 -133
31110 -430 -133
31125 -428 -131
31140 -426 -131
31215 1 0
31320 1 2
31605 27 0
31680 27 2
31905 27 0
32070 27 2
33093 65 0
33123 -767 -431
33528 2 0
33618 2 2
33693 87 0
33844 65 2
34414 2 0
34534 2 2
35105 68 0
35360 2 0
35510 2 2
35855 68 2
36305 2 0
36440 2 2
37250 2 0
37385 2 2
38210 2 0
38330 68 0
38345 2 2
38765 68 2
39111 68 0
39126 2 0
39261 2 2
39291 68 2
40177 70 0
40267 87 2
40282 70 2
40417 68 0
40972 68 2
1
1061109567 