109
0 -767 -431
933 39 0
1358 39 2
1974 87 0
2449 16 0
2558 16 2
3157 68 0
3505 68 2
3774 16 0
3916 16 2
4907 68 0
5127 68 2
5488 16 0
5631 16 2
7102 32 0
7244 32 2
7621 65 0
7845 32 0
8021 32 2
9285 32 0
9315 87 2
9330 65 2
9409 32 2
10655 65 0
10687 87 0
10956 32 0
11130 32 2
14690 32 0
14722 65 2
14722 87 2
14802 32 2
15257 87 0
15337 69 0
15446 69 2
15446 87 2
16122 49 0
16230 49 2
16370 69 0
16466 69 2
16955 65 0
17190 51 0
17316 51 2
17396 65 2
17489 69 0
17615 69 2
17884 83 0
18090 65 0
18312 16 0
18500 16 2
18689 83 2
18798 87 0
18968 65 2
19564 16 0
19705 16 2
19737 68 0
20133 87 2
20308 49 0
20402 49 2
20545 69 0
20703 68 2
20719 69 2
21132 69 0
21244 69 2
21657 83 0
21846 68 0
22034 68 2
22146 50 0
22287 50 2
22492 69 0
22635 69 2
22746 83 2
23159 83 0
23283 2 0
23393 2 2
23440 65 0
23503 83 2
23646 87 0
23755 65 2
23755 69 0
23898 69 2
23929 87 2
24423 65 0
24598 2 0
24709 2 2
24805 65 2
24900 68 0
24916 87 0
25090 68 2
25106 49 0
25122 87 2
25202 49 2
25282 69 0
25378 69 2
25770 69 0
25849 69 2
26626 52 0
26753 52 2
26896 1 0
26976 1 2
27197 69 0
27323 69 2
28064 1 0
28159 1 2
28270 1 0
28349 1 2
28507 1 0
28619 1 2
28729 1 0
28840 1 2
28
933 949 965 981 997 1012 1027 1043 1059 1075 
1090 1106 1122 1138 1154 1170 1185 1201 1216 1232 
1247 1263 1278 1294 1310 1326 1342 1061109567 