104
0 -1350 -808
616 1 0
751 1 2
1141 -767 -431
1201 51 0
1306 51 2
1622 87 0
1712 2 0
1817 2 2
2747 2 0
2867 2 2
3888 2 0
4023 2 2
5105 2 0
5210 2 2
6276 2 0
6396 2 2
7371 2 0
7522 2 2
8498 2 0
8603 2 2
9624 2 0
9729 2 2
10766 2 0
10886 2 2
11382 52 0
11487 52 2
11967 87 2
12237 69 0
12342 69 2
12703 70 0
12793 70 2
13033 87 0
13498 49 0
13663 49 2
14084 69 0
14189 69 2
14204 87 2
14774 51 0
14880 51 2
15105 69 0
15195 69 2
15540 1 0
15615 1 2
15705 1 0
15781 1 2
15856 1 0
15961 1 2
16201 69 0
16291 69 2
16891 65 0
16906 83 0
17146 2 0
17266 2 2
17896 83 2
18031 50 0
18106 50 2
18181 65 2
18211 69 0
18316 69 2
18721 87 0
18751 65 0
18797 2 0
18887 2 2
19022 87 2
19292 87 0
19337 1 0
19352 65 2
19382 1 2
19457 87 2
19502 1 0
19578 1 2
19728 1 0
19773 1 2
19953 87 0
20088 2 0
20178 2 2
20553 87 2
20613 1 0
20688 1 2
20808 1 0
20883 1 2
20989 1 0
21049 1 2
21289 87 0
21409 2 0
21514 2 2
21979 87 2
22024 1 0
22099 1 2
22204 1 0
22279 1 2
22369 1 0
22489 1 2
22669 87 0
22759 2 0
22849 2 2
23195 87 2
23300 1 0
23390 1 2
23525 1 0
23600 1 2
23735 1 0
23840 1 2
1
1061109567 