91
0 -767 -431
225 66 0
345 66 2
795 -744 -429
810 -734 -426
825 -734 -415
840 -741 -386
855 -746 -356
870 -746 -307
886 -746 -282
900 -743 -230
916 -742 -187
930 -743 -163
946 -747 -136
960 -752 -118
975 -754 -108
990 -755 -102
1005 -756 -97
1020 -758 -90
1035 -760 -82
1050 -761 -75
1065 -762 -73
1080 -762 -70
1110 -762 -67
1140 -763 -64
1155 -764 -62
1170 -768 -60
1185 -776 -59
1200 -788 -59
1216 -800 -58
1231 -811 -57
1247 -819 -54
1262 -822 -53
1276 -825 -51
1321 1 0
1441 1 2
1501 -819 -57
1516 -807 -67
1531 -788 -80
1546 -752 -97
1561 -725 -116
1576 -683 -134
1591 -643 -146
1606 -627 -150
1621 -610 -155
1636 -596 -157
1651 -586 -158
1666 -577 -158
1681 -570 -158
1696 -560 -158
1712 -553 -158
1726 -549 -158
1741 -542 -158
1756 -538 -159
1771 -534 -159
1801 -531 -159
1816 -527 -159
1831 -522 -159
1861 1 0
1951 1 2
1951 -526 -166
1966 -534 -174
1981 -597 -213
1996 -702 -291
2011 -834 -387
2026 -975 -497
2041 -1098 -587
2057 -1171 -651
2072 -1216 -682
2087 -1244 -706
2101 -1254 -715
2116 -1269 -728
2131 -1281 -738
2146 -1292 -748
2161 -1302 -757
2176 -1310 -766
2191 -1318 -774
2206 -1321 -778
2221 -1323 -778
2281 -1325 -778
2311 -1326 -780
2341 -1332 -785
2356 -1342 -794
2371 -1357 -804
2387 -1365 -814
2401 -1367 -816
2431 1 0
2566 1 2
2836 27 0
2986 27 2
3213 -767 -431
1
1061109567 