86
0 -767 -431
459 66 0
586 66 2
1117 -766 -404
1132 -763 -371
1148 -759 -337
1164 -757 -304
1180 -756 -271
1195 -754 -244
1210 -752 -213
1225 -750 -185
1240 -749 -170
1256 -747 -146
1272 -747 -129
1287 -746 -119
1303 -744 -110
1319 -742 -99
1335 -740 -90
1351 -740 -85
1367 -740 -80
1382 -740 -78
1398 -740 -76
1414 -740 -74
1446 -740 -70
1461 -744 -65
1477 -748 -62
1492 -753 -58
1508 -755 -57
1523 -762 -54
1539 -771 -49
1555 -776 -47
1570 -780 -44
1585 -782 -43
1601 -785 -42
1617 -789 -42
1633 -797 -44
1649 -805 -47
1665 -810 -50
1681 -818 -54
1696 -822 -56
1712 -826 -58
1728 1 0
1856 1 2
1871 -826 -60
1903 -820 -83
1919 -803 -122
1935 -793 -146
1951 -757 -200
1968 -742 -233
1983 -713 -277
1999 -686 -314
2015 -671 -332
2031 -662 -350
2047 -655 -362
2063 -650 -372
2079 -647 -378
2094 -646 -382
2110 -644 -386
2125 -643 -390
2140 -641 -397
2156 -635 -406
2171 -631 -418
2187 -626 -424
2203 -623 -430
2219 -619 -437
2235 -615 -445
2251 -614 -450
2281 1 0
2375 1 2
2406 -624 -458
2422 -674 -482
2438 -778 -527
2454 -902 -570
2470 -1022 -623
2485 -1120 -675
2501 -1190 -724
2517 -1225 -753
2533 -1249 -772
2549 -1266 -784
2565 -1280 -791
2581 -1289 -794
2597 -1296 -798
2613 -1298 -798
2817 1 0
2945 1 2
3302 -767 -431
1
1061109567 