116
0 -767 -431
420 66 0
540 66 2
870 -766 -413
885 -766 -398
900 -766 -380
915 -766 -360
930 -766 -336
946 -767 -322
961 -769 -306
976 -770 -288
991 -775 -272
1006 -779 -254
1021 -782 -250
1036 -785 -235
1051 -788 -222
1065 -789 -212
1080 -791 -199
1095 -796 -186
1110 -798 -182
1125 -805 -170
1140 -810 -155
1155 -813 -146
1170 -815 -138
1185 -817 -130
1200 -818 -125
1215 -818 -119
1230 -819 -114
1245 -819 -112
1260 -820 -106
1276 -822 -98
1291 -822 -91
1306 -822 -82
1321 -822 -74
1336 -822 -66
1351 -822 -60
1366 -822 -57
1381 -822 -53
1396 -822 -49
1411 -822 -47
1441 -824 -45
1456 -829 -42
1471 -834 -39
1501 -837 -37
1546 -839 -37
1561 -841 -37
1591 1 0
1681 1 2
1711 -830 -44
1726 -779 -70
1741 -746 -90
1756 -660 -135
1771 -589 -169
1786 -528 -198
1801 -486 -223
1816 -444 -244
1831 -422 -260
1846 -414 -266
1861 -398 -278
1876 -383 -291
1891 -367 -306
1906 -350 -325
1921 -332 -342
1936 -319 -353
1951 -310 -363
1966 -306 -367
1981 -297 -378
1996 -289 -387
2011 -286 -393
2026 -284 -395
2041 -283 -397
2056 -281 -399
2071 -280 -402
2116 -278 -404
2146 1 0
2146 -278 -406
2236 1 2
2266 -302 -415
2281 -378 -438
2296 -523 -474
2311 -702 -521
2326 -799 -547
2341 -986 -603
2356 -1133 -654
2371 -1210 -689
2386 -1235 -708
2401 -1250 -719
2416 -1262 -727
2431 -1271 -735
2446 -1280 -743
2461 -1285 -746
2476 -1290 -752
2491 -1295 -755
2506 -1299 -759
2536 -1301 -761
2551 -1303 -763
2566 -1308 -768
2581 -1310 -770
2596 -1315 -774
2611 -1318 -776
2626 -1322 -779
2641 -1326 -783
2656 -1330 -788
2671 -1334 -792
2686 -1335 -794
2701 -1337 -794
2716 1 0
2821 1 2
3001 -1342 -793
3016 -1354 -792
3031 -1349 -792
3046 -1346 -792
3061 -1353 -790
3121 27 0
3226 27 2
3226 -767 -431
1
1061109567 