764
0 -767 -431
600 87 0
675 2 0
780 2 2
1590 2 0
1710 2 2
1890 68 0
2505 2 0
2640 2 2
3451 2 0
3586 2 2
3601 68 2
4216 68 0
4396 2 0
4486 2 2
4951 68 2
4966 87 2
5206 70 0
5341 70 2
5703 70 0
5793 70 2
5883 70 0
5958 70 2
6033 70 0
6093 70 2
6168 70 0
6243 70 2
6318 70 0
6378 70 2
6694 -782 -426
6709 -789 -422
6724 -829 -409
6739 -882 -399
6754 -930 -390
6769 -966 -378
6784 -990 -372
6799 -1002 -370
6814 -1009 -368
6829 -1012 -367
6844 -1018 -366
6859 -1025 -364
6874 -1032 -362
6889 -1035 -362
6904 -1037 -362
6949 -1039 -362
6964 -1046 -361
6979 -1052 -360
6994 -1057 -359
7024 1 0
7174 1 2
7774 70 0
7864 70 2
7924 70 0
7999 70 2
8029 70 0
8119 70 2
9185 -767 -431
9679 -784 -434
9694 -861 -449
9709 -918 -454
9724 -1052 -460
9739 -1203 -464
9754 -1349 -463
9769 -1466 -462
9784 -1530 -459
9799 -1535 -458
9890 1 0
10040 1 2
10235 -767 -431
10385 70 0
10475 70 2
10550 70 0
10625 70 2
10715 70 0
10790 70 2
10865 70 0
10925 70 2
11000 70 0
11060 70 2
11135 70 0
11210 70 2
11675 -753 -438
11690 -733 -447
11705 -710 -458
11720 -693 -466
11735 -675 -474
11750 -662 -481
11765 -658 -482
11780 -650 -486
11795 -644 -490
11810 -638 -492
11825 -631 -494
11841 -624 -496
11856 -618 -496
11871 -614 -498
11945 -626 -494
11960 -693 -490
11975 -796 -486
11990 -904 -481
12005 -950 -478
12020 -1003 -476
12035 -1030 -476
12050 -1042 -476
12065 -1046 -476
12095 -1049 -476
12110 -1051 -476
12125 -1054 -476
12140 -1059 -478
12155 -1065 -478
12170 -1067 -478
12185 -1070 -478
12200 -1074 -478
12215 -1080 -478
12230 -1084 -478
12275 1 0
12395 1 2
12531 -1076 -475
12695 -1066 -474
12710 -1050 -464
12725 -1044 -458
12740 -994 -444
12755 -905 -423
12770 -790 -387
12785 -650 -336
12800 -510 -295
12815 -404 -260
12830 -353 -234
12845 -334 -226
12860 -314 -215
12875 -301 -206
12890 -291 -197
12905 -285 -190
12920 -279 -186
12936 -276 -182
12952 -274 -182
12966 -272 -180
12981 -270 -178
12997 -266 -174
13011 -254 -170
13025 -239 -165
13040 -222 -158
13055 -207 -154
13070 -198 -150
13085 -193 -148
13100 -187 -147
13115 -178 -144
13130 -163 -141
13145 -146 -137
13160 -136 -134
13175 -130 -131
13220 1 0
13355 1 2
13385 -140 -135
13400 -193 -158
13415 -301 -201
13430 -453 -254
13445 -530 -280
13460 -666 -321
13475 -749 -356
13490 -792 -380
13505 -815 -392
13520 -839 -406
13535 -882 -435
13550 -941 -479
13565 -978 -514
13580 -1062 -575
13595 -1131 -627
13610 -1186 -682
13625 -1229 -726
13640 -1263 -754
13656 -1281 -776
13670 -1292 -792
13686 -1301 -802
13701 -1304 -805
13716 -1305 -807
13896 -1307 -809
13941 1 0
14016 1 2
14226 1 0
14316 1 2
14361 -1299 -802
14376 -1254 -778
14391 -1164 -734
14406 -1017 -681
14421 -934 -654
14436 -783 -603
14451 -681 -552
14466 -625 -498
14481 -593 -462
14497 -566 -429
14511 -547 -410
14526 -536 -393
14541 -533 -389
14556 -526 -379
14571 -521 -373
14586 -517 -367
14601 -513 -363
14616 -510 -360
14631 -508 -358
14646 -506 -356
14661 -503 -355
14691 -498 -353
14706 -495 -351
14721 -491 -349
14736 -484 -345
14751 -475 -341
14766 -470 -338
14796 -467 -337
14826 -465 -335
14842 -462 -334
14857 -459 -334
14886 1 0
14961 1 2
14991 -462 -334
15006 -484 -346
15021 -506 -357
15036 -589 -398
15051 -710 -455
15066 -878 -542
15081 -1050 -611
15096 -1181 -675
15111 -1261 -705
15126 -1294 -730
15141 -1302 -738
15156 -1314 -748
15171 -1322 -756
15186 -1330 -765
15201 -1340 -774
15216 -1354 -786
15231 -1372 -797
15246 -1390 -808
15262 -1404 -815
15277 -1407 -816
15291 -1409 -818
15396 1 0
15501 1 2
15696 1 0
15786 1 2
16042 1 0
16132 1 2
16177 -1407 -815
16192 -1395 -804
16207 -1366 -778
16222 -1310 -735
16237 -1273 -707
16252 -1174 -638
16267 -1049 -559
16282 -922 -494
16297 -810 -423
16313 -743 -386
16328 -705 -350
16342 -682 -332
16358 -666 -314
16374 -650 -296
16387 -644 -289
16402 -630 -275
16417 -617 -262
16432 -610 -258
16447 -607 -254
16462 -604 -251
16477 -602 -250
16492 -598 -246
16507 -594 -244
16522 -590 -241
16537 -586 -239
16567 -582 -236
16582 -576 -234
16597 -572 -230
16612 -556 -219
16627 -539 -207
16642 -525 -196
16657 -513 -183
16673 -502 -176
16687 -488 -166
16702 -476 -155
16717 -466 -144
16732 -462 -141
16747 -459 -138
16822 1 0
16897 1 2
16927 -466 -138
16942 -475 -144
16957 -482 -148
16972 -502 -157
16987 -546 -170
17002 -604 -194
17017 -660 -218
17032 -697 -234
17047 -738 -250
17062 -760 -262
17077 -769 -266
17092 -786 -272
17107 -796 -276
17122 -801 -277
17137 -803 -278
17167 -806 -279
17182 -810 -281
17197 -813 -282
17212 -817 -282
17272 -819 -282
17287 -822 -282
17302 -825 -282
17347 1 0
17438 1 2
17483 -829 -286
17499 -840 -294
17513 -859 -307
17528 -901 -334
17544 -977 -385
17559 -1063 -455
17574 -1140 -499
17588 -1169 -530
17603 -1201 -550
17618 -1219 -569
17633 -1234 -585
17648 -1245 -603
17663 -1254 -616
17678 -1259 -624
17693 -1269 -636
17708 -1276 -646
17723 -1282 -655
17738 -1287 -667
17753 -1294 -677
17768 -1301 -690
17783 -1306 -697
17798 -1306 -700
17813 -1309 -704
17828 -1310 -709
17843 -1314 -714
17859 -1318 -723
17873 -1322 -730
17888 -1325 -733
17919 -1326 -736
17935 -1329 -741
17948 -1331 -745
17963 -1335 -752
17978 -1339 -758
17993 -1344 -763
18008 -1350 -770
18023 -1355 -778
18038 -1362 -787
18053 -1366 -793
18068 -1372 -799
18083 -1375 -802
18128 1 0
18233 1 2
18278 -1370 -798
18294 -1342 -777
18309 -1321 -756
18324 -1223 -708
18338 -1117 -663
18353 -989 -613
18368 -849 -559
18383 -711 -498
18398 -608 -448
18413 -568 -429
18428 -509 -400
18443 -482 -381
18458 -464 -367
18473 -449 -353
18488 -439 -344
18503 -429 -334
18518 -419 -325
18533 -416 -322
18548 -410 -315
18563 -405 -312
18578 -398 -305
18593 -391 -298
18608 -385 -293
18623 -379 -289
18638 -372 -282
18654 -360 -271
18669 -352 -266
18683 -334 -253
18698 -314 -238
18713 -303 -226
18728 -290 -218
18743 -282 -211
18758 -276 -208
18818 1 0
18908 1 2
18938 -271 -206
18953 -261 -205
18968 -248 -205
18983 -233 -202
18998 -221 -201
19013 -208 -197
19028 -202 -194
19043 -187 -190
19058 -180 -189
19074 -176 -188
19103 -174 -188
19149 -171 -187
19164 -166 -186
19179 -162 -186
19194 -158 -186
19209 -154 -186
19224 -149 -187
19239 -144 -188
19254 -142 -189
19269 -137 -189
19284 -132 -191
19299 -129 -191
19314 -126 -193
19329 -123 -193
19389 1 0
19464 1 2
19509 -127 -195
19524 -138 -199
19539 -156 -205
19554 -214 -224
19569 -322 -256
19584 -459 -301
19599 -610 -367
19614 -677 -402
19629 -798 -465
19644 -902 -521
19659 -997 -569
19674 -1079 -617
19689 -1151 -662
19704 -1195 -699
19719 -1232 -731
19734 -1266 -748
19750 -1282 -758
19764 -1318 -777
19779 -1356 -795
19795 -1372 -804
19810 -1383 -810
19824 -1386 -810
19899 -1387 -812
19974 -1389 -814
20004 -1391 -815
20079 1 0
20184 1 2
20304 1 0
20409 1 2
20439 -1389 -811
20454 -1382 -805
20469 -1378 -802
20484 -1348 -789
20499 -1295 -770
20514 -1218 -750
20529 -1132 -724
20544 -1020 -690
20560 -894 -656
20574 -762 -614
20589 -701 -592
20605 -596 -559
20619 -538 -538
20634 -514 -528
20649 -501 -521
20664 -495 -517
20679 -494 -515
20694 -493 -513
20709 -492 -511
20739 -490 -508
20755 -490 -506
20785 -488 -504
20800 -486 -502
20815 -482 -497
20830 -473 -489
20845 -468 -486
20860 -464 -484
20875 -461 -482
20890 -458 -479
20905 -454 -475
20920 -450 -473
20935 1 0
20935 -449 -470
21040 1 2
21070 -470 -474
21085 -498 -481
21100 -592 -498
21115 -730 -531
21130 -898 -567
21145 -1064 -620
21160 -1225 -672
21175 -1352 -720
21190 -1422 -748
21205 -1441 -755
21220 -1455 -763
21235 -1458 -765
21250 -1459 -767
21280 -1461 -769
21310 -1463 -770
21355 -1466 -772
21460 -1466 -774
21475 -1467 -781
21490 -1467 -788
21505 -1467 -793
21520 -1466 -797
21535 -1466 -799
21580 1 0
21670 1 2
21790 -1463 -800
21820 -1461 -800
21850 -1458 -800
21880 1 0
21955 1 2
21985 -1458 -802
22000 -1454 -803
22015 -1446 -806
22030 -1441 -808
22046 -1435 -810
22060 -1433 -810
22075 -1429 -811
22106 -1427 -811
22225 1 0
22331 1 2
22391 -1408 -808
22407 -1375 -795
22421 -1334 -785
22436 -1250 -758
22452 -1150 -728
22467 -1048 -698
22482 -945 -658
22496 -858 -611
22511 -801 -578
22526 -782 -561
22541 -726 -518
22556 -678 -478
22571 -630 -445
22586 -579 -414
22601 -547 -400
22616 -526 -387
22631 -506 -378
22646 -497 -372
22661 -471 -362
22676 -447 -352
22691 -426 -345
22706 -410 -340
22721 -398 -336
22736 -389 -333
22751 -378 -327
22766 -371 -324
22781 -365 -322
22796 -359 -319
22811 -357 -318
22826 -354 -317
22841 -350 -315
22857 -345 -312
22872 -344 -310
22961 1 0
23036 1 2
23066 -347 -311
23087 -398 -310
23112 -518 -304
23127 -591 -304
23142 -621 -304
23157 -647 -304
23172 -666 -305
23187 -678 -306
23202 -683 -306
23217 -688 -307
23232 -691 -308
23247 -694 -310
23262 -697 -310
23277 -702 -311
23292 -706 -313
23307 -711 -314
23322 -715 -315
23352 -716 -317
23367 -718 -317
23397 -720 -320
23412 -723 -321
23442 -727 -324
23457 -732 -330
23472 -740 -336
23487 -746 -343
23502 -747 -346
23517 -750 -350
23532 -752 -351
23592 1 0
23682 1 2
23697 -754 -352
23712 -762 -357
23727 -783 -369
23742 -806 -378
23757 -868 -410
23772 -982 -457
23787 -1115 -522
23802 -1235 -583
23817 -1308 -630
23832 -1336 -654
23847 -1349 -670
23862 -1356 -686
23877 -1359 -693
23892 -1365 -705
23907 -1368 -715
23922 -1371 -726
23937 -1374 -736
23952 -1378 -747
23967 -1380 -754
23982 -1380 -756
23997 -1382 -762
24012 -1382 -767
24027 -1382 -771
24042 -1382 -774
24057 -1382 -776
24072 -1382 -779
24087 -1382 -784
24102 -1383 -794
24132 -1385 -799
24147 -1386 -804
24162 -1386 -806
24177 -1386 -808
24207 -1386 -810
24237 1 0
24342 1 2
24387 -1382 -807
24402 -1371 -798
24417 -1341 -774
24432 -1267 -738
24447 -1182 -698
24462 -1096 -655
24477 -1060 -634
24492 -986 -591
24507 -914 -554
24522 -854 -522
24537 -805 -494
24552 -763 -475
24567 -733 -461
24582 -705 -451
24597 -698 -447
24612 -681 -439
24627 -662 -434
24642 -651 -427
24657 -638 -422
24672 -625 -417
24687 -611 -414
24703 -596 -410
24718 -581 -406
24732 -574 -404
24747 -565 -402
24762 -561 -401
24792 -558 -400
24807 -553 -398
24822 -543 -394
24837 -539 -392
24852 -533 -390
24867 -529 -388
24897 -527 -387
24942 1 0
25032 1 2
25047 -524 -386
25062 -510 -385
25077 -498 -383
25092 -474 -381
25107 -449 -377
25122 -435 -374
25137 -428 -370
25152 -420 -367
25168 -413 -364
25183 -402 -360
25197 -398 -358
25212 -386 -351
25227 -370 -346
25242 -353 -338
25257 -326 -328
25272 -297 -318
25287 -277 -311
25302 -250 -305
25317 -242 -302
25332 -225 -298
25347 -217 -295
25362 -213 -294
25377 -208 -290
25392 -204 -289
25407 -201 -286
25422 -196 -284
25437 -193 -282
25452 -188 -280
25467 -183 -277
25482 -176 -273
25498 -168 -267
25512 -158 -260
25527 -150 -256
25542 -144 -253
25558 -135 -250
25572 -125 -246
25587 -112 -239
25602 -99 -234
25617 -96 -234
25647 1 0
25767 1 2
25827 -99 -234
25842 -105 -238
25857 -121 -245
25872 -166 -261
25887 -252 -298
25902 -361 -349
25917 -506 -431
25933 -582 -470
25947 -726 -543
25962 -871 -606
25977 -1008 -672
25992 -1105 -718
26007 -1170 -753
26022 -1196 -774
26037 -1218 -783
26052 -1236 -795
26067 -1257 -808
26082 -1278 -818
26097 -1298 -824
26112 -1309 -827
26127 -1315 -828
26142 -1318 -829
26157 -1320 -829
26172 -1326 -829
26187 -1328 -829
26202 -1331 -829
26217 -1336 -828
26232 -1340 -828
26248 -1346 -826
26262 -1354 -825
26278 -1359 -823
26308 -1362 -822
26367 1 0
26472 1 2
26623 1 0
26713 1 2
26968 1 0
27013 -1363 -820
27058 1 2
27133 -1361 -815
27148 -1350 -804
27163 -1332 -786
27178 -1274 -735
27193 -1184 -658
27208 -1081 -581
27223 -962 -498
27238 -842 -430
27253 -784 -400
27268 -673 -350
27283 -582 -306
27298 -512 -262
27313 -471 -238
27328 -452 -226
27343 -437 -218
27358 -428 -210
27374 -418 -204
27388 -415 -201
27403 -409 -197
27418 -404 -194
27433 -401 -191
27449 -396 -188
27464 -387 -182
27478 -380 -177
27493 -378 -177
27508 -376 -175
27538 -374 -174
27553 -370 -171
27568 -366 -166
27583 -362 -164
27598 -360 -162
27628 -358 -162
27643 -357 -160
27658 -355 -159
27703 1 0
27793 1 2
28093 27 0
28228 27 2
28468 27 0
28664 27 2
1
1061109567 