708
0 -767 -431
645 87 0
765 2 0
870 2 2
1860 68 0
1965 2 0
2070 2 2
2820 2 0
2956 2 2
3316 68 2
3781 2 0
3901 68 0
3916 2 2
4247 68 2
4397 68 0
4862 68 2
4907 87 2
4967 70 0
5072 70 2
5162 70 0
5237 70 2
5312 70 0
5402 70 2
5463 70 0
5538 70 2
5598 70 0
5673 70 2
5733 70 0
5808 70 2
5838 70 0
5913 70 2
6588 -770 -431
6603 -790 -434
6618 -810 -435
6633 -865 -438
6648 -929 -442
6663 -993 -442
6678 -1033 -442
6693 -1054 -442
6708 -1066 -444
6723 -1071 -444
6738 -1074 -444
6753 -1082 -444
6768 -1090 -443
6783 -1104 -439
6798 -1117 -436
6813 -1132 -434
6828 -1151 -433
6843 -1165 -430
6858 -1177 -429
6873 -1180 -427
6888 -1182 -426
6948 -1182 -421
6963 -1183 -419
6993 -1184 -417
7053 1 0
7173 1 2
7578 70 0
7653 70 2
7728 70 0
7803 70 2
7864 70 0
7939 70 2
7984 70 0
8059 70 2
9140 -767 -431
9589 -774 -430
9604 -832 -426
9619 -937 -425
9634 -1054 -425
9649 -1114 -425
9664 -1222 -425
9679 -1290 -425
9694 -1326 -425
9709 -1344 -426
9724 -1354 -427
9739 -1356 -427
9829 1 0
9964 1 2
10159 -767 -431
10264 70 0
10369 70 2
10444 70 0
10519 70 2
10609 70 0
10669 70 2
10759 70 0
10834 70 2
10924 70 0
10969 70 2
11059 70 0
11119 70 2
11674 -769 -433
11689 -777 -437
11704 -801 -447
11719 -839 -458
11734 -879 -468
11749 -928 -479
11764 -975 -490
11779 -1033 -502
11794 -1074 -510
11809 -1090 -514
11824 -1115 -517
11839 -1125 -518
11855 -1135 -519
11870 -1137 -519
12035 1 0
12155 1 2
12665 -1134 -519
12680 -1114 -512
12695 -1056 -490
12710 -972 -461
12725 -864 -424
12740 -738 -382
12755 -612 -331
12770 -550 -302
12785 -458 -270
12800 -390 -246
12815 -354 -233
12831 -330 -226
12845 -311 -221
12860 -303 -218
12875 -298 -215
12890 -293 -214
12905 -288 -213
12920 -274 -211
12935 -258 -210
12950 -246 -210
12965 -242 -210
12995 -236 -210
13010 -229 -209
13025 -217 -203
13040 -202 -199
13055 -186 -192
13070 -170 -183
13085 -157 -174
13100 -150 -170
13115 -146 -167
13145 -141 -163
13160 -138 -161
13175 -135 -158
13191 -129 -153
13206 -126 -150
13221 -123 -147
13236 -118 -142
13251 -115 -138
13267 -112 -135
13282 -110 -134
13311 1 0
13416 1 2
13461 -117 -138
13476 -137 -150
13491 -204 -175
13506 -293 -206
13521 -347 -231
13536 -469 -290
13551 -613 -367
13566 -754 -435
13581 -874 -497
13596 -973 -556
13611 -1051 -597
13626 -1079 -623
13641 -1121 -656
13656 -1155 -680
13672 -1186 -702
13686 -1205 -723
13701 -1227 -747
13716 -1246 -765
13731 -1260 -778
13746 -1268 -785
13761 -1284 -799
13776 -1294 -806
13791 -1298 -809
13896 -1301 -811
13971 -1304 -812
13986 -1306 -814
14001 -1318 -818
14017 -1324 -822
14031 -1326 -822
14046 1 0
14136 1 2
14346 1 0
14421 1 2
14466 -1320 -816
14481 -1311 -810
14496 -1279 -787
14511 -1208 -739
14526 -1090 -670
14541 -947 -608
14556 -809 -543
14571 -694 -494
14586 -623 -458
14601 -600 -438
14616 -564 -417
14631 -546 -402
14646 -538 -392
14661 -533 -386
14676 -529 -382
14691 -526 -379
14723 -523 -377
14752 -519 -374
14767 -515 -370
14782 -508 -366
14797 -503 -362
14812 -494 -357
14827 -478 -351
14842 -472 -348
14857 -466 -346
14932 1 0
15022 1 2
15052 -469 -344
15067 -488 -351
15082 -518 -362
15097 -624 -403
15112 -756 -470
15127 -903 -532
15142 -1058 -605
15158 -1182 -663
15172 -1266 -710
15187 -1303 -735
15202 -1326 -754
15217 -1342 -765
15232 -1346 -766
15248 -1352 -770
15293 -1354 -770
15383 -1357 -774
15398 -1362 -778
15413 -1365 -780
15428 -1367 -782
15443 -1370 -785
15458 -1374 -787
15473 -1382 -795
15488 -1386 -800
15503 -1390 -802
15519 -1392 -805
15533 1 0
15623 1 2
15803 1 0
15878 1 2
15953 -1394 -805
15968 -1396 -805
15983 -1398 -806
16028 -1400 -807
16193 1 0
16268 1 2
16359 -1396 -802
16373 -1373 -783
16388 -1318 -750
16403 -1210 -671
16418 -1072 -570
16433 -990 -517
16448 -827 -416
16463 -682 -346
16478 -559 -282
16493 -474 -237
16508 -438 -202
16523 -418 -184
16538 -406 -174
16553 -402 -168
16568 -397 -163
16583 -393 -159
16613 -391 -157
16643 -386 -153
16658 -379 -148
16673 -375 -146
16688 -367 -140
16703 -361 -135
16719 -354 -131
16733 -342 -122
16748 -332 -114
16763 -329 -112
16928 1 0
16988 1 2
17019 -331 -112
17034 -344 -115
17049 -359 -119
17065 -418 -138
17080 -516 -165
17095 -607 -186
17110 -668 -202
17124 -716 -219
17139 -742 -230
17154 -767 -238
17169 -774 -238
17184 -782 -242
17199 -790 -243
17214 -800 -246
17229 -807 -249
17244 -816 -253
17259 -826 -258
17274 -835 -259
17289 -846 -263
17304 -854 -266
17319 -857 -267
17574 1 0
17679 1 2
17739 -866 -279
17754 -894 -319
17769 -923 -352
17784 -1015 -446
17800 -1125 -551
17815 -1209 -623
17830 -1273 -683
17845 -1317 -725
17859 -1345 -767
17874 -1358 -786
17889 -1361 -791
17904 -1363 -799
18069 -1366 -804
18084 -1367 -806
18144 1 0
18249 1 2
18309 -1366 -804
18324 -1358 -798
18339 -1333 -782
18354 -1274 -746
18369 -1226 -710
18384 -1103 -644
18399 -959 -562
18414 -808 -483
18429 -670 -420
18444 -550 -362
18459 -458 -322
18474 -398 -285
18489 -384 -278
18504 -342 -260
18519 -328 -251
18534 -314 -246
18549 -305 -242
18564 -298 -239
18579 -292 -238
18594 -286 -237
18609 -282 -236
18624 -278 -235
18639 -275 -234
18654 -271 -233
18669 -263 -230
18804 1 0
18894 1 2
18954 -256 -228
18969 -252 -226
18984 -241 -222
18999 -230 -218
19015 -217 -214
19029 -202 -210
19044 -183 -204
19059 -169 -201
19074 -158 -196
19089 -151 -194
19104 -139 -190
19119 -130 -186
19134 -122 -185
19149 -118 -183
19164 -116 -183
19194 -114 -183
19254 -110 -183
19269 -107 -183
19284 -105 -183
19314 -103 -183
19405 1 0
19495 1 2
19555 -110 -185
19570 -119 -187
19585 -144 -195
19600 -189 -210
19615 -241 -234
19630 -294 -254
19645 -326 -264
19660 -346 -272
19675 -358 -278
19690 -378 -285
19705 -385 -288
19720 -419 -303
19735 -487 -319
19750 -582 -354
19765 -685 -402
19780 -797 -475
19795 -886 -532
19810 -915 -562
19825 -948 -592
19840 -957 -603
19855 -957 -608
19870 -955 -614
19885 -946 -622
19900 -938 -630
19915 -937 -635
19930 -937 -637
19945 -939 -642
19960 -950 -649
19975 -978 -660
19990 -1008 -668
20005 -1040 -674
20020 -1061 -674
20036 -1078 -676
20050 -1092 -679
20065 -1101 -680
20080 -1114 -685
20096 -1121 -685
20185 -1126 -687
20200 -1141 -691
20215 -1158 -705
20230 -1183 -716
20245 -1202 -728
20260 -1226 -744
20275 -1263 -768
20290 -1281 -780
20305 -1306 -798
20320 -1321 -808
20335 -1323 -809
20455 1 0
20575 1 2
20740 1 0
20815 1 2
20846 -1320 -809
20860 -1314 -805
20875 -1295 -797
20890 -1251 -782
20905 -1214 -772
20920 -1140 -743
20935 -1034 -701
20950 -914 -646
20965 -791 -593
20980 -692 -548
20995 -626 -518
21010 -603 -510
21025 -560 -494
21040 -534 -484
21055 -519 -476
21070 -503 -471
21085 -493 -468
21100 -487 -466
21115 -483 -466
21160 -479 -464
21176 -476 -463
21190 -470 -460
21205 -463 -458
21220 -461 -458
21281 -458 -458
21295 -454 -458
21310 -452 -458
21325 1 0
21400 1 2
21445 -458 -456
21460 -474 -461
21475 -521 -474
21490 -550 -485
21505 -644 -517
21520 -752 -552
21535 -871 -590
21550 -977 -625
21565 -1072 -658
21580 -1146 -685
21596 -1201 -703
21611 -1248 -718
21626 -1256 -723
21641 -1279 -732
21656 -1289 -735
21670 -1303 -741
21685 -1316 -747
21700 -1331 -752
21715 -1344 -755
21730 -1349 -757
21745 -1357 -760
21760 -1361 -761
21775 -1363 -762
21790 -1368 -765
21805 -1375 -769
21821 -1383 -770
21836 -1390 -773
21851 -1393 -775
21866 -1395 -776
21881 -1400 -781
21896 -1406 -786
21911 -1413 -792
21926 -1424 -801
21941 -1430 -805
21956 -1433 -808
22001 1 0
22091 1 2
22256 1 0
22331 1 2
22661 1 0
22766 1 2
22931 -1429 -805
22946 -1415 -793
22961 -1405 -784
22976 -1354 -752
22991 -1258 -678
23006 -1146 -602
23021 -1023 -525
23036 -913 -462
23051 -796 -388
23066 -698 -336
23081 -648 -312
23096 -574 -270
23112 -527 -238
23127 -504 -219
23142 -483 -207
23158 -466 -196
23172 -454 -188
23187 -440 -182
23202 -422 -174
23217 -413 -170
23232 -400 -166
23247 -398 -166
23262 -396 -166
23337 -394 -167
23352 -386 -178
23367 -375 -200
23382 -366 -237
23397 -364 -259
23412 -366 -286
23427 -368 -313
23442 -371 -326
23472 -372 -330
23653 1 0
23743 1 2
23788 -378 -328
23803 -391 -328
23818 -406 -328
23833 -441 -328
23848 -478 -327
23863 -536 -327
23878 -597 -327
23893 -659 -331
23908 -690 -334
23923 -704 -336
23939 -711 -339
23953 -714 -339
23983 -717 -341
23998 -722 -342
24013 -729 -344
24028 -734 -345
24043 -736 -345
24103 -741 -346
24118 -746 -348
24133 -748 -348
24208 1 0
24313 1 2
24358 -758 -358
24373 -781 -378
24388 -842 -432
24403 -926 -506
24418 -969 -542
24433 -1054 -618
24448 -1124 -678
24463 -1180 -730
24478 -1227 -761
24493 -1259 -786
24508 -1275 -802
24523 -1287 -811
24538 -1289 -814
24553 -1291 -814
24658 -1292 -816
24688 -1298 -820
24703 -1301 -822
24763 1 0
24883 1 2
24943 -1299 -822
24958 -1291 -816
24973 -1268 -803
24988 -1216 -776
25003 -1127 -729
25018 -1018 -662
25033 -959 -633
25048 -845 -580
25063 -763 -549
25078 -714 -523
25094 -677 -508
25109 -643 -494
25124 -607 -486
25139 -563 -474
25154 -544 -469
25169 -501 -459
25184 -467 -452
25199 -426 -443
25214 -393 -434
25229 -364 -429
25244 -334 -423
25259 -308 -420
25274 -294 -417
25289 -270 -412
25304 -250 -409
25319 -241 -406
25334 -231 -401
25349 -220 -394
25364 -205 -384
25379 -181 -371
25394 -170 -366
25409 -158 -360
25423 -154 -358
25543 1 0
25663 1 2
25858 -154 -356
25888 -153 -353
25903 -151 -350
25918 -149 -344
25933 -146 -334
25948 -144 -332
25963 -143 -329
25978 -142 -326
26008 -141 -324
26023 -140 -322
26053 -137 -318
26068 -134 -316
26083 -132 -313
26098 -128 -309
26113 -126 -306
26128 -120 -298
26143 -114 -289
26158 -109 -281
26173 -103 -273
26188 -98 -264
26203 -94 -257
26219 -90 -250
26233 -89 -248
26249 -89 -246
26309 1 0
26399 1 2
26489 -94 -248
26504 -118 -259
26519 -172 -286
26534 -253 -326
26549 -372 -388
26565 -506 -459
26580 -658 -519
26595 -817 -594
26609 -890 -618
26624 -1008 -670
26639 -1109 -724
26654 -1178 -765
26669 -1225 -794
26684 -1260 -814
26699 -1280 -826
26714 -1291 -831
26729 -1306 -838
26744 -1325 -842
26759 -1341 -844
26774 -1350 -844
26789 -1358 -844
26804 -1364 -844
26819 -1369 -844
26834 -1372 -843
26849 -1374 -843
26864 -1378 -842
26879 -1385 -840
26895 -1392 -838
26909 -1400 -838
26924 -1403 -837
26969 -1403 -832
26984 -1404 -826
26999 -1404 -818
27014 -1403 -812
27029 -1402 -810
27044 1 0
27149 1 2
27284 1 0
27374 1 2
27719 1 0
27824 1 2
27944 -1396 -805
27959 -1377 -788
27974 -1318 -749
27989 -1220 -675
28004 -1106 -592
28019 -977 -509
28034 -914 -467
28049 -805 -394
28064 -714 -334
28079 -654 -279
28094 -612 -245
28109 -594 -228
28124 -577 -210
28139 -567 -198
28154 -563 -194
28169 -555 -185
28184 -546 -176
28199 -537 -170
28215 -527 -162
28230 -520 -157
28245 -513 -152
28260 -506 -146
28275 -502 -143
28290 -499 -142
28305 -496 -139
28320 -494 -138
28425 1 0
28530 1 2
28800 27 0
28845 70 0
28905 70 2
28950 27 2
28965 70 0
29025 70 2
29085 70 0
29145 70 2
29205 70 0
29265 70 2
29325 70 0
29385 70 2
29445 70 0
29505 70 2
29565 70 0
29625 70 2
29685 70 0
29745 70 2
29805 70 0
29865 70 2
1
1061109567 