736
0 -767 -431
661 87 0
811 2 0
931 2 2
1171 65 0
1276 65 2
1831 68 0
1936 2 0
2041 2 2
2896 2 0
3046 2 2
3271 68 2
3781 68 0
3871 2 0
4006 2 2
4455 68 2
4635 87 2
4740 70 0
4845 70 2
4935 70 0
5010 70 2
5085 70 0
5145 70 2
5220 70 0
5295 70 2
5355 70 0
5430 70 2
5491 70 0
5551 70 2
5626 70 0
5686 70 2
5746 70 0
5806 70 2
6031 -778 -432
6046 -806 -434
6061 -839 -435
6076 -882 -439
6091 -910 -441
6106 -953 -442
6121 -975 -442
6136 -1010 -444
6151 -1030 -444
6166 -1049 -444
6181 -1059 -444
6196 -1064 -443
6271 -1067 -442
6286 -1070 -441
6316 -1074 -439
6346 -1077 -438
6391 -1084 -438
6406 -1093 -437
6421 -1102 -434
6436 -1107 -434
6451 -1109 -433
6466 -1112 -432
6481 -1114 -430
6496 -1118 -428
6511 -1122 -426
6526 -1124 -426
6556 1 0
6646 1 2
7217 70 0
7277 70 2
7352 70 0
7412 70 2
7457 70 0
7532 70 2
8582 -767 -431
9137 -784 -431
9152 -847 -437
9167 -937 -446
9182 -1037 -462
9197 -1133 -480
9212 -1219 -497
9227 -1257 -502
9242 -1306 -508
9257 -1342 -511
9272 -1373 -514
9287 -1397 -514
9303 -1416 -514
9317 -1418 -514
9392 1 0
9497 1 2
9678 -767 -431
9872 70 0
9962 70 2
10052 70 0
10127 70 2
10187 70 0
10262 70 2
10322 70 0
10398 70 2
10488 70 0
10533 70 2
10608 70 0
10668 70 2
10743 70 0
10803 70 2
11313 -768 -433
11328 -770 -435
11343 -779 -442
11358 -800 -453
11373 -851 -467
11388 -922 -486
11403 -955 -493
11418 -1007 -510
11433 -1039 -516
11448 -1062 -522
11463 -1076 -523
11478 -1082 -524
11493 -1086 -524
11508 -1089 -524
11539 -1091 -524
11554 -1093 -524
11569 -1102 -523
11584 -1113 -523
11599 -1125 -523
11659 1 0
11749 1 2
11944 -1118 -527
11960 -1102 -527
11974 -1097 -532
12169 -1087 -530
12184 -1074 -498
12199 -1023 -466
12214 -971 -451
12229 -887 -432
12244 -778 -406
12259 -721 -393
12274 -598 -362
12289 -490 -334
12305 -400 -305
12319 -338 -283
12334 -314 -270
12349 -296 -260
12364 -285 -251
12379 -282 -248
12394 -275 -242
12409 -266 -237
12424 -258 -230
12439 -252 -225
12454 -243 -218
12469 -232 -209
12484 -222 -203
12499 -218 -201
12514 -215 -198
12529 -212 -196
12544 -208 -192
12559 -197 -186
12574 -182 -178
12589 -165 -168
12604 -146 -156
12619 -137 -151
12634 -122 -142
12650 -118 -138
12694 1 0
12814 1 2
12889 -124 -140
12904 -149 -152
12919 -212 -171
12934 -301 -201
12949 -386 -229
12964 -479 -258
12979 -526 -270
12996 -650 -310
13009 -685 -322
13024 -744 -342
13039 -804 -362
13054 -857 -383
13070 -896 -402
13084 -953 -429
13099 -1022 -470
13114 -1057 -499
13129 -1141 -559
13144 -1220 -628
13159 -1270 -686
13174 -1298 -718
13189 -1316 -737
13204 -1328 -754
13220 -1334 -765
13235 -1337 -767
13250 -1338 -769
13340 -1340 -770
13370 -1342 -771
13431 -1346 -774
13445 -1354 -780
13461 -1360 -788
13476 -1364 -790
13490 -1366 -793
13505 -1370 -796
13520 -1373 -798
13535 -1375 -801
13550 1 0
13655 1 2
13850 1 0
13910 1 2
13970 -1362 -794
13985 -1302 -769
14000 -1207 -733
14015 -1091 -686
14030 -955 -622
14045 -818 -563
14060 -706 -507
14075 -669 -483
14090 -626 -451
14105 -610 -432
14120 -596 -420
14135 -585 -410
14150 -572 -401
14165 -562 -394
14181 -549 -386
14196 -537 -379
14210 -528 -376
14226 -520 -370
14241 -511 -364
14256 -500 -357
14270 -489 -350
14285 -478 -346
14300 -467 -340
14315 -462 -337
14330 -453 -331
14345 -443 -326
14360 -434 -322
14450 1 0
14540 1 2
14600 -450 -333
14615 -499 -366
14630 -596 -410
14645 -742 -505
14660 -902 -590
14675 -972 -626
14690 -1104 -697
14705 -1209 -750
14720 -1262 -786
14735 -1286 -806
14750 -1295 -814
14765 -1298 -816
14780 -1302 -818
14810 -1306 -818
14825 -1308 -818
14840 -1310 -818
14855 -1314 -820
14870 -1318 -821
14885 -1321 -822
14961 -1324 -823
14976 -1328 -823
15005 1 0
15110 1 2
15260 1 0
15351 1 2
15456 -1330 -823
15471 -1334 -823
15486 -1338 -822
15501 -1344 -822
15516 -1347 -822
15531 -1349 -822
15561 -1352 -821
15816 1 0
15906 1 2
16056 -1350 -820
16071 -1338 -808
16086 -1286 -766
16101 -1179 -687
16116 -1030 -584
16131 -944 -530
16146 -774 -429
16161 -638 -354
16176 -548 -299
16191 -497 -265
16206 -474 -237
16221 -462 -220
16236 -454 -212
16251 -453 -210
16266 -450 -206
16281 -447 -203
16297 -444 -201
16312 -443 -199
16342 -439 -195
16357 -438 -193
16387 -435 -191
16402 -434 -189
16417 -432 -186
16432 -426 -180
16447 -413 -168
16462 -402 -155
16477 -395 -145
16492 -391 -139
16508 -387 -134
16522 -386 -130
16567 1 0
16657 1 2
16687 -392 -132
16702 -414 -141
16717 -470 -166
16732 -526 -192
16747 -550 -202
16762 -604 -227
16777 -642 -242
16792 -666 -253
16808 -681 -258
16822 -686 -258
16837 -691 -258
16853 -697 -258
16867 -700 -258
16882 -706 -258
16897 -712 -259
16913 -719 -260
16927 -731 -262
16942 -742 -266
16957 -751 -268
16972 -758 -270
16987 -762 -272
17002 -766 -273
17017 -774 -274
17032 -782 -277
17047 -790 -278
17062 -797 -278
17077 -804 -278
17092 -813 -278
17137 1 0
17227 1 2
17257 -816 -278
17272 -823 -283
17287 -836 -294
17302 -850 -306
17317 -866 -323
17332 -898 -374
17347 -922 -406
17362 -994 -483
17377 -1074 -570
17392 -1154 -654
17407 -1219 -722
17422 -1268 -763
17437 -1288 -786
17452 -1302 -802
17467 -1304 -806
17542 -1306 -808
17557 -1309 -811
17572 -1313 -815
17587 -1315 -818
17602 -1319 -822
17617 -1324 -827
17632 -1326 -830
17737 1 0
17842 1 2
17932 -1317 -826
17947 -1309 -821
17962 -1278 -799
17977 -1193 -726
17992 -1066 -636
18007 -918 -542
18023 -766 -466
18037 -638 -416
18053 -554 -374
18067 -529 -353
18082 -505 -335
18097 -495 -326
18112 -492 -322
18127 -490 -320
18172 -487 -318
18202 -482 -314
18217 -478 -310
18232 -468 -302
18247 -452 -288
18262 -435 -273
18277 -402 -246
18292 -386 -234
18307 -376 -228
18322 -358 -218
18337 -348 -212
18352 -342 -210
18412 1 0
18502 1 2
18562 -335 -210
18577 -322 -210
18592 -299 -207
18607 -283 -206
18622 -259 -205
18637 -236 -203
18652 -216 -202
18667 -206 -202
18682 -190 -201
18697 -176 -198
18712 -171 -198
18728 -166 -198
18743 -161 -197
18758 -154 -196
18773 -147 -195
18787 -138 -194
18802 -134 -194
18817 -130 -194
18832 -125 -194
18847 -121 -194
18862 -117 -194
18877 -111 -193
18892 -105 -193
18907 -102 -193
18952 1 0
19042 1 2
19117 -106 -195
19132 -122 -205
19147 -142 -214
19162 -218 -254
19177 -325 -303
19192 -450 -355
19207 -576 -410
19222 -697 -460
19237 -804 -506
19252 -889 -547
19267 -922 -566
19282 -981 -602
19297 -1021 -630
19312 -1071 -659
19327 -1109 -678
19342 -1140 -698
19357 -1166 -718
19372 -1186 -734
19387 -1201 -744
19402 -1231 -762
19417 -1247 -774
19432 -1260 -781
19447 -1262 -782
19522 -1266 -783
19537 -1270 -784
19552 -1278 -786
19567 -1287 -790
19582 -1294 -792
19642 -1296 -793
19657 -1304 -794
19672 -1322 -799
19687 -1340 -804
19702 -1346 -806
19717 -1348 -807
19732 1 0
19807 1 2
19987 1 0
20063 1 2
20138 -1340 -807
20153 -1306 -798
20168 -1223 -771
20183 -1097 -737
20198 -934 -687
20213 -776 -633
20228 -653 -585
20243 -615 -567
20258 -573 -546
20273 -552 -531
20289 -540 -522
20304 -531 -515
20318 -521 -506
20333 -509 -500
20348 -500 -495
20363 -497 -493
20378 -492 -490
20393 -490 -487
20423 -486 -484
20438 -479 -479
20453 -467 -472
20468 -457 -466
20483 -452 -464
20498 -449 -463
20573 1 0
20648 1 2
20694 -464 -470
20708 -504 -486
20723 -544 -503
20738 -656 -552
20753 -762 -599
20768 -885 -663
20783 -994 -714
20798 -1082 -754
20813 -1146 -786
20828 -1199 -811
20843 -1218 -814
20858 -1244 -820
20873 -1255 -821
20888 -1258 -821
20933 -1266 -821
20948 -1278 -821
20963 -1285 -821
20978 -1298 -822
20993 -1310 -822
21008 -1317 -822
21024 -1326 -822
21039 -1338 -822
21054 -1350 -822
21069 -1357 -822
21113 1 0
21218 1 2
21323 1 0
21413 1 2
21773 1 0
21848 1 2
21908 -1354 -819
21923 -1344 -814
21938 -1306 -795
21953 -1223 -752
21968 -1110 -694
21983 -981 -626
21998 -856 -582
22013 -745 -533
22028 -658 -498
22043 -622 -482
22058 -562 -454
22073 -517 -430
22088 -478 -416
22103 -444 -402
22118 -423 -392
22133 -398 -384
22148 -384 -378
22163 -374 -374
22179 -370 -371
22194 -365 -368
22208 -358 -363
22223 -353 -359
22238 -346 -354
22253 -337 -350
22268 -327 -342
22283 -321 -340
22298 -310 -334
22313 -304 -330
22328 -302 -329
22343 -299 -327
22358 -297 -326
22373 -294 -325
22388 -290 -323
22418 -288 -322
22478 1 0
22553 1 2
22598 -295 -322
22613 -319 -321
22628 -350 -320
22643 -380 -320
22658 -444 -320
22673 -501 -320
22688 -554 -320
22703 -594 -318
22718 -610 -317
22734 -622 -315
22749 -627 -314
22764 -629 -313
22779 -636 -311
22794 -645 -309
22809 -655 -308
22824 -660 -307
22854 -662 -307
22869 -666 -307
22885 -679 -310
22899 -693 -314
22914 -713 -323
22930 -726 -330
22944 -732 -333
22959 -734 -334
22989 -736 -336
23019 -740 -340
23034 -743 -344
23049 -746 -348
23064 -748 -351
23079 -750 -354
23094 -754 -358
23109 -757 -362
23154 1 0
23259 1 2
23274 -761 -365
23289 -772 -374
23305 -807 -398
23320 -894 -456
23334 -1002 -531
23349 -1119 -615
23364 -1218 -690
23379 -1257 -722
23394 -1313 -770
23409 -1336 -793
23424 -1346 -807
23439 -1350 -812
23454 -1351 -814
23754 1 0
23874 1 2
23919 -1344 -813
23934 -1300 -801
23949 -1210 -774
23964 -1085 -730
23979 -1011 -702
23994 -839 -626
24009 -702 -578
24024 -608 -538
24039 -548 -504
24055 -514 -478
24070 -492 -461
24084 -475 -448
24099 -458 -436
24114 -450 -430
24129 -434 -421
24144 -426 -416
24159 -417 -410
24174 -414 -409
24189 -410 -405
24204 -408 -404
24219 -405 -402
24234 -402 -400
24249 -399 -398
24279 -397 -398
24294 -391 -396
24309 -380 -390
24324 -366 -383
24339 -362 -379
24354 -354 -378
24369 -351 -377
24504 1 0
24594 1 2
24639 -343 -374
24654 -327 -374
24669 -303 -372
24684 -274 -367
24699 -260 -366
24714 -238 -362
24729 -223 -357
24744 -215 -354
24759 -210 -352
24774 -202 -349
24789 -187 -342
24804 -170 -333
24819 -153 -322
24834 -144 -316
24849 -131 -306
24866 -120 -295
24879 -110 -286
24894 -104 -278
24909 -98 -271
24924 -96 -267
24939 -94 -265
24954 -92 -262
24969 -89 -258
24984 -87 -254
24999 -85 -250
25014 -85 -247
25089 -87 -245
25104 -89 -245
25134 -91 -245
25164 1 0
25254 1 2
25299 -94 -246
25314 -102 -253
25330 -134 -274
25345 -222 -335
25360 -334 -396
25375 -461 -458
25390 -598 -532
25405 -734 -602
25420 -831 -647
25435 -877 -673
25450 -946 -710
25466 -986 -740
25481 -1013 -754
25496 -1032 -762
25511 -1054 -770
25527 -1077 -776
25542 -1095 -782
25557 -1114 -788
25572 -1142 -794
25587 -1150 -797
25602 -1165 -801
25617 -1186 -806
25632 -1202 -809
25647 -1211 -811
25662 -1218 -814
25678 -1222 -814
25692 -1225 -814
25722 -1228 -814
25737 -1230 -814
25752 -1233 -814
25767 -1236 -814
25782 -1251 -814
25797 -1269 -814
25812 -1288 -814
25827 -1297 -814
25842 -1299 -814
25872 1 0
25932 1 2
26082 1 0
26157 1 2
26262 -1302 -814
26277 -1309 -815
26292 -1319 -816
26307 -1322 -816
26322 -1330 -817
26337 -1334 -817
26398 -1337 -817
26517 1 0
26607 1 2
26668 -1335 -816
26683 -1332 -815
26698 -1312 -807
26713 -1264 -787
26728 -1172 -747
26743 -1061 -698
26758 -930 -644
26773 -812 -594
26788 -702 -543
26803 -652 -515
26818 -582 -470
26833 -538 -434
26848 -519 -412
26863 -498 -391
26878 -484 -378
26893 -474 -370
26908 -464 -361
26923 -461 -358
26938 -457 -353
26953 -452 -349
26968 -446 -342
26983 -440 -330
26998 -432 -319
27013 -425 -304
27028 -416 -288
27043 -411 -275
27058 -402 -258
27073 -392 -238
27089 -382 -218
27103 -373 -202
27119 -366 -189
27133 -361 -180
27148 -357 -174
27163 -356 -172
27179 -354 -170
27193 -354 -167
27223 -352 -166
27253 -351 -163
27298 -350 -158
27313 -348 -157
27328 -344 -152
27343 -342 -148
27373 1 0
27493 1 2
27883 27 0
28033 27 2
1
1061109567 