90
0 -1318 -732
601 1 0
735 1 2
1097 -767 -431
1727 52 0
1892 52 2
2267 87 0
2357 2 0
11318 2 2
11318 87 2
11723 70 0
11843 70 2
12098 51 0
12203 51 2
14335 69 0
14921 69 2
15266 50 0
15401 50 2
15521 69 0
15611 69 2
15986 1 0
16121 1 2
16796 52 0
16901 52 2
17021 87 0
17096 2 0
17186 87 2
17201 2 2
17531 69 0
17621 69 2
17696 69 0
17741 69 2
17816 69 0
17861 69 2
18582 1 0
19227 1 2
20052 1 0
20818 1 2
21102 87 0
21117 68 0
21147 2 0
21267 2 2
21267 68 2
21267 87 2
21688 1 0
22438 1 2
23099 1 0
23939 1 2
24074 51 0
24194 51 2
24284 69 0
24929 69 2
25320 49 0
25395 49 2
25500 81 0
25635 81 2
27241 87 0
27526 32 0
27661 32 2
27811 87 2
28081 69 0
28201 69 2
29326 87 0
29566 50 0
29671 50 2
29806 32 0
29941 32 2
30301 87 2
30346 69 0
30991 69 2
31216 1 0
31381 1 2
32222 52 0
32342 52 2
32492 87 0
32537 2 0
32612 87 2
32672 2 2
33092 69 0
33197 69 2
34023 1 0
34698 1 2
35478 1 0
36139 1 2
36544 68 0
36574 2 0
36679 2 2
36709 68 2
37130 1 0
37895 1 2
1
1061109567 