107
0 -767 -431
750 39 0
1515 39 2
1996 87 0
2490 16 0
2640 16 2
3136 68 0
3481 68 2
3646 68 0
3796 68 2
3976 16 0
4126 16 2
5537 16 0
5687 16 2
7473 68 0
8088 68 2
8223 70 0
8373 70 2
9679 65 0
10834 87 2
11164 32 0
11434 32 2
13175 87 0
13925 65 2
15425 32 0
15515 87 2
15560 32 2
15995 87 0
16340 51 0
16431 51 2
16491 87 2
16611 69 0
16716 69 2
17511 49 0
17631 49 2
17811 1 0
17916 1 2
18006 1 0
18111 1 2
18441 81 0
18576 81 2
18937 1 0
19027 1 2
19147 1 0
19192 1 2
19282 1 0
19327 1 2
19327 69 0
19402 69 2
19492 69 0
19552 69 2
20002 1 0
20092 1 2
20167 1 0
20272 1 2
20377 1 0
20452 1 2
20557 65 0
20812 65 2
20842 1 0
20948 1 2
21023 1 0
21128 1 2
22058 69 0
22148 69 2
22689 1 0
22779 1 2
22854 1 0
22959 1 2
23034 1 0
23139 1 2
23214 1 0
23319 1 2
23964 50 0
24069 50 2
24145 69 0
24265 69 2
24640 65 0
24940 32 0
25075 32 2
25210 65 2
25810 52 0
25930 52 2
26050 69 0
26140 69 2
26605 1 0
27160 83 0
27236 1 2
27236 32 0
27386 32 2
27476 83 2
27850 1 0
28496 1 2
28511 32 0
28616 32 2
29171 1 0
29772 1 2
29787 32 0
29907 32 2
30462 1 0
31032 1 2
31062 32 0
31167 32 2
31962 1 0
32472 32 0
32487 1 2
32622 32 2
52
752 765 780 795 811 826 840 855 871 887 
902 916 931 946 960 975 990 1005 1020 1035 
1051 1065 1080 1095 1110 1125 1140 1155 1170 1185 
1200 1215 1230 1246 1261 1276 1292 1307 1321 1335 
1351 1365 1381 1395 1411 1426 1440 1456 1471 1487 
1501 1061109567 