247
0 -767 -431
1201 39 0
1906 39 2
2461 87 0
2581 16 0
2731 16 2
3107 65 0
3872 65 2
3992 70 0
4067 70 2
4142 70 0
4202 70 2
4277 70 0
4337 70 2
4397 70 0
4457 70 2
4532 70 0
4607 70 2
4742 68 0
4847 16 0
4998 16 2
5178 68 2
5508 32 0
5643 32 2
6063 32 0
6198 32 2
6753 68 0
7743 68 2
9063 68 0
10879 68 2
14089 32 0
14194 87 2
14209 32 2
14539 87 0
14659 32 0
14764 32 2
17975 68 0
18680 68 2
19910 65 0
20270 16 0
20420 16 2
20480 65 2
21335 65 0
22265 65 2
22280 87 2
22761 37 0
23091 37 2
23421 87 0
23691 16 0
23826 16 2
25102 16 0
25267 16 2
26542 16 0
26677 16 2
27773 87 2
28268 37 0
28388 37 2
29018 87 0
29919 16 0
30069 16 2
30234 65 0
30594 65 2
31344 16 0
31479 16 2
32995 16 0
33205 16 2
34435 16 0
34600 16 2
35411 52 0
35516 52 2
35666 69 0
35741 87 2
35831 69 2
36251 87 0
36626 49 0
36731 49 2
36776 87 2
36926 1 0
37016 1 2
37121 1 0
37226 1 2
37332 1 0
37437 1 2
37527 1 0
37632 1 2
37722 1 0
37797 1 2
37902 1 0
38007 1 2
38022 69 0
38112 69 2
38592 1 0
38712 1 2
38787 1 0
38878 1 2
38998 1 0
39088 1 2
39178 1 0
39253 1 2
39343 1 0
39448 1 2
39523 1 0
39628 1 2
39718 1 0
39823 1 2
39913 1 0
40003 1 2
40108 1 0
40198 1 2
40288 1 0
40378 1 2
40453 1 0
40573 1 2
40813 69 0
40888 69 2
40979 69 0
41039 69 2
41624 1 0
41714 1 2
41849 1 0
41954 1 2
42044 1 0
42164 1 2
42255 1 0
42345 1 2
42420 1 0
42510 50 0
42525 1 2
42570 50 2
42720 81 0
42780 81 2
43920 1 0
44010 1 2
44055 1 0
44160 1 2
44235 1 0
44325 1 2
44400 1 0
44490 1 2
44685 69 0
44775 69 2
45345 1 0
45465 1 2
45585 1 0
45660 1 2
45810 1 0
45885 1 2
46005 1 0
46095 1 2
46170 1 0
46260 1 2
46350 1 0
46455 1 2
46545 1 0
46650 1 2
46725 1 0
46845 1 2
46875 51 0
46995 51 2
47160 1 0
47280 1 2
47280 81 0
47355 81 2
47806 81 0
47881 81 2
48286 1 0
48346 1 2
48436 1 0
48496 1 2
48571 1 0
48661 1 2
48691 69 0
48781 69 2
48856 69 0
48916 69 2
49336 83 0
49426 65 0
49606 2 0
49711 83 2
49741 2 2
49816 87 0
49936 1 0
49981 1 2
49981 87 2
49996 65 2
50101 1 0
50176 1 2
50251 1 0
50356 1 2
50431 69 0
50491 69 2
51571 65 0
51616 2 0
51631 87 0
51706 2 2
51781 87 2
51796 65 2
51902 1 0
51977 1 2
52052 1 0
52172 1 2
52262 1 0
52367 1 2
52487 1 0
52562 1 2
52667 1 0
52772 1 2
52892 1 0
52997 1 2
53132 1 0
53222 1 2
53342 1 0
53447 1 2
53447 68 0
53552 1 0
53672 1 2
53792 1 0
53928 1 2
54033 1 0
54168 1 2
54273 68 2
54288 1 0
54393 1 2
54468 1 0
54618 1 2
54873 1 0
54978 1 2
55173 1 0
55278 1 2
55368 1 0
55503 1 2
55608 1 0
55713 1 2
55818 1 0
55953 1 2
56163 1 0
56298 1 2
56373 1 0
56508 1 2
56613 1 0
56718 1 2
56823 1 0
56928 1 2
57033 1 0
57108 1 2
57198 1 0
57318 1 2
78
1201 1216 1231 1246 1261 1276 1291 1306 1321 1336 
1351 1366 1381 1396 1411 1426 1441 1456 1471 1486 
1501 1516 1531 1546 1561 1576 1591 1606 1621 1636 
1651 1666 1681 1696 1711 1726 1741 1756 1771 1786 
1801 1816 1831 1846 1861 1876 1891 22761 22776 22791 
22806 22821 22836 22851 22866 22881 22896 22911 22926 22941 
22956 22971 22986 23001 23016 23031 23046 23061 23076 28268 
28283 28298 28313 28328 28343 28358 28373 1061109567 