447
0 -767 -431
2070 87 0
3135 68 0
4561 68 2
5703 87 2
5928 39 0
6618 39 2
6828 87 0
7609 65 0
7879 65 2
8014 68 0
8119 68 2
8149 87 2
8464 70 0
8584 70 2
9199 70 0
9305 70 2
9575 70 0
9695 70 2
10160 70 0
10265 70 2
10325 70 0
10415 70 2
10760 -787 -441
10775 -845 -473
10790 -930 -514
10805 -1011 -543
10821 -1082 -571
10836 -1126 -592
10851 -1138 -600
10865 -1156 -610
10880 -1162 -614
11075 -1165 -617
11090 -1166 -622
11105 -1170 -630
11120 -1174 -635
11210 1 0
11301 1 2
11376 70 0
11466 70 2
11541 70 0
11601 70 2
11676 70 0
11751 70 2
11826 70 0
11886 70 2
11961 70 0
12021 70 2
12111 70 0
12171 70 2
12261 70 0
12306 70 2
12397 70 0
12427 70 2
12547 1 0
12622 1 2
12758 70 0
12818 70 2
12923 70 0
12983 70 2
13058 70 0
13118 70 2
13223 70 0
13283 70 2
13373 70 0
13433 70 2
13508 70 0
13569 70 2
13644 70 0
13704 70 2
13778 70 0
13838 70 2
13914 70 0
13974 70 2
14049 70 0
14109 70 2
14199 70 0
14259 70 2
14559 70 0
14634 70 2
14724 70 0
14799 70 2
14874 70 0
14964 70 2
15039 70 0
15115 70 2
15205 70 0
15265 70 2
15370 70 0
15445 70 2
15520 70 0
15596 70 2
15686 70 0
15731 70 2
15821 70 0
15866 70 2
15986 70 0
16061 70 2
16151 70 0
16256 70 2
16361 70 0
16436 70 2
16511 70 0
16601 70 2
16677 70 0
16767 70 2
16812 70 0
16902 70 2
16992 70 0
17068 70 2
17173 70 0
17233 70 2
17338 70 0
17398 70 2
17488 70 0
17563 70 2
17653 70 0
17713 70 2
17803 70 0
17878 70 2
17968 70 0
18043 70 2
18133 70 0
18209 70 2
18704 -1172 -632
18719 -1171 -628
18734 -1166 -622
18749 -1165 -620
18764 -1163 -616
18779 -1160 -610
18794 -1158 -607
18809 -1157 -605
18824 -1155 -604
18839 -1153 -601
18854 -1152 -599
18884 -1150 -596
18944 1 0
19049 1 2
19124 70 0
19200 70 2
19275 70 0
19350 70 2
19440 70 0
19515 70 2
19605 70 0
19680 70 2
19770 70 0
19845 70 2
19935 70 0
19995 70 2
20100 70 0
20160 70 2
20280 70 0
20340 70 2
20430 70 0
20490 70 2
20610 70 0
20671 70 2
20761 70 0
20836 70 2
20926 70 0
21001 70 2
21091 70 0
21166 70 2
21256 70 0
21316 70 2
21422 70 0
21497 70 2
21587 70 0
21662 70 2
21752 70 0
21842 70 2
21932 70 0
21992 70 2
22082 70 0
22157 70 2
23058 -1150 -601
23073 -1150 -608
23088 -1153 -617
23103 -1156 -625
23118 -1159 -638
23133 -1160 -643
23148 -1161 -645
23238 1 0
23359 1 2
23389 70 0
23464 70 2
23539 70 0
23614 70 2
23719 70 0
23779 70 2
23869 70 0
23944 70 2
24034 70 0
24109 70 2
24199 70 0
24274 70 2
24395 70 0
24455 70 2
24590 70 0
24665 70 2
24770 70 0
24830 70 2
24936 70 0
24996 70 2
25116 70 0
25161 70 2
25296 70 0
25356 70 2
27578 44 0
27638 44 2
28974 1 0
29049 1 2
29574 70 0
29649 70 2
29784 70 0
29829 70 2
29964 70 0
30009 70 2
30369 -1162 -642
30384 -1162 -637
30399 -1162 -630
30414 -1162 -625
30429 -1162 -620
30444 -1162 -614
30459 -1160 -608
30474 -1158 -602
30489 -1158 -599
30504 -1158 -595
30519 -1157 -592
30534 -1156 -590
30639 -1155 -587
30729 -1155 -585
30804 1 0
30879 1 2
30954 70 0
31029 70 2
31149 70 0
31209 70 2
31314 70 0
31374 70 2
31494 70 0
31539 70 2
31659 70 0
31719 70 2
31824 70 0
31869 70 2
31959 70 0
32034 70 2
33805 -767 -431
35007 77 0
35082 77 2
36417 -775 -435
36432 -789 -444
36447 -802 -452
36462 -815 -460
36477 -827 -465
36492 -832 -468
36507 -842 -474
36522 -847 -477
36537 -854 -481
36552 -858 -484
36567 -862 -489
36582 -869 -494
36597 -878 -499
36612 -882 -505
36627 -892 -515
36642 -901 -522
36657 -907 -530
36672 -913 -536
36687 -916 -539
36702 -918 -541
36732 -919 -543
36747 -921 -545
36762 -923 -545
36792 -926 -547
36822 -928 -548
36837 -930 -548
36852 -932 -550
36868 -935 -550
36882 -938 -551
36897 -940 -552
36912 -942 -553
36942 -946 -554
36972 -949 -554
37017 -952 -554
37032 -954 -554
37107 1 0
37227 1 2
37557 -957 -555
37572 -962 -556
37587 -966 -558
37602 -970 -558
37617 -972 -559
37632 -974 -559
37647 -979 -562
37662 -988 -563
37678 -998 -566
37692 -1000 -567
37707 -1010 -570
37722 -1020 -574
37737 -1030 -579
37752 -1042 -586
37767 -1058 -592
37782 -1075 -599
37797 -1086 -603
37812 -1090 -606
37827 -1096 -609
37842 -1102 -612
37857 -1108 -615
37872 -1113 -618
37887 -1120 -622
37902 -1124 -626
37917 -1130 -631
37947 -1137 -635
37962 -1144 -639
37977 -1149 -642
37993 -1155 -645
38022 -1157 -646
38157 1 0
38262 1 2
38382 -1162 -650
38397 -1170 -654
38412 -1174 -658
38427 -1186 -666
38442 -1200 -675
38457 -1222 -689
38472 -1239 -701
38488 -1258 -715
38503 -1280 -731
38518 -1297 -744
38533 -1305 -749
38548 -1315 -758
38563 -1325 -764
38578 -1331 -769
38593 -1338 -771
38608 -1340 -774
38623 -1342 -775
38638 -1344 -777
38653 -1347 -778
38668 -1352 -783
38683 -1358 -787
38698 -1367 -793
38713 -1374 -798
38728 -1384 -803
38743 -1395 -810
38758 -1402 -815
38772 -1404 -818
38862 1 0
38998 1 2
42824 -767 -431
43214 37 0
44144 37 2
44489 37 0
44729 37 2
45119 87 0
45614 16 0
45779 16 2
46740 16 0
46905 16 2
47970 68 0
48180 16 0
48375 16 2
49441 68 2
49456 16 0
49606 16 2
50446 16 0
50596 16 2
50912 87 2
50987 70 0
51092 70 2
51542 70 0
51617 70 2
51722 70 0
51782 70 2
51872 70 0
51932 70 2
52248 -772 -430
52263 -785 -426
52278 -804 -423
52293 -818 -423
52308 -844 -425
52323 -869 -434
52338 -887 -442
52353 -906 -454
52368 -926 -469
52383 -964 -493
52398 -1009 -513
52413 -1034 -526
52428 -1063 -538
52444 -1087 -547
52458 -1099 -556
52473 -1116 -565
52488 -1133 -571
52503 -1146 -573
52593 -1150 -575
52608 -1154 -576
52713 1 0
52848 1 2
52968 70 0
53058 70 2
53148 70 0
53208 70 2
53298 70 0
53374 70 2
53449 70 0
53524 70 2
53614 70 0
53689 70 2
53794 70 0
53854 70 2
53944 70 0
54004 70 2
54094 70 0
54169 70 2
54244 70 0
54319 70 2
54409 70 0
54469 70 2
54574 70 0
54634 70 2
54724 70 0
54799 70 2
54889 70 0
54950 70 2
55040 70 0
55100 70 2
55205 70 0
55265 70 2
55355 70 0
55430 70 2
55520 70 0
55610 70 2
55685 70 0
55745 70 2
55850 70 0
55925 70 2
56000 70 0
56075 70 2
56165 70 0
56240 70 2
56345 70 0
56420 70 2
56510 70 0
56585 70 2
56675 70 0
56751 70 2
125
5928 5943 5958 5973 5988 6003 6018 6033 6048 6063 
6078 6093 6108 6123 6138 6153 6168 6183 6198 6213 
6228 6243 6258 6273 6289 6304 6318 6333 6348 6363 
6378 6393 6408 6423 6438 6453 6468 6483 6498 6513 
6528 6543 6558 6573 6588 6603 43214 43229 43244 43259 
43274 43289 43304 43319 43334 43349 43365 43379 43394 43409 
43424 43439 43454 43469 43484 43499 43514 43529 43544 43559 
43574 43589 43604 43619 43634 43649 43664 43679 43694 43709 
43724 43739 43754 43769 43784 43799 43814 43829 43844 43859 
43874 43889 43904 43919 43934 43949 43964 43979 43994 44009 
44024 44039 44054 44069 44084 44100 44115 44129 44489 44504 
44519 44534 44549 44564 44579 44594 44609 44624 44639 44654 
44669 44684 44699 44714 1061109567 