809
0 -767 -431
705 87 0
1095 2 0
1200 2 2
2056 2 0
2176 2 2
3032 2 0
3182 2 2
4082 68 0
4743 68 2
5613 70 0
5628 87 2
5763 70 2
5928 70 0
6018 70 2
6348 70 0
6408 70 2
6514 70 0
6574 70 2
6649 70 0
6694 70 2
6769 70 0
6829 70 2
7519 -786 -425
7534 -817 -418
7549 -857 -406
7564 -918 -394
7579 -971 -383
7594 -1030 -374
7609 -1078 -364
7624 -1100 -360
7639 -1118 -355
7654 -1121 -355
7669 -1124 -354
7729 -1126 -354
7744 -1132 -350
7759 -1144 -347
7774 -1154 -346
7789 -1158 -346
7834 1 0
7954 1 2
8584 70 0
8674 70 2
8749 70 0
8824 70 2
9995 -767 -431
10340 -772 -431
10355 -788 -434
10370 -826 -434
10385 -886 -438
10400 -954 -439
10415 -1038 -442
10430 -1068 -444
10445 -1134 -448
10460 -1202 -452
10475 -1231 -455
10490 -1269 -457
10505 -1291 -457
10520 -1306 -458
10535 -1310 -458
10565 -1316 -458
10580 -1328 -459
10595 -1346 -459
10610 -1362 -457
10625 -1370 -457
10685 1 0
10790 1 2
10880 70 0
10895 -767 -431
10985 70 2
11750 -770 -433
11765 -778 -436
11780 -791 -438
11796 -805 -444
11810 -830 -449
11825 -861 -450
11840 -883 -452
11855 -901 -452
11870 -904 -452
11885 -921 -452
11900 70 0
11900 -938 -454
11915 -954 -455
11930 -974 -456
11945 -1007 -458
11960 -1052 -461
11975 -1114 -464
11990 70 2
11990 -1145 -467
12005 -1210 -473
12020 -1294 -489
12035 -1398 -514
12050 -1483 -530
12065 -1504 -542
12305 -1502 -543
12320 -1490 -544
12335 -1481 -545
12350 -1473 -545
12365 -1458 -545
12380 -1443 -542
12395 -1433 -534
12410 -1422 -530
12425 -1411 -526
12440 -1401 -522
12455 -1386 -518
12470 -1383 -518
12485 -1376 -517
12501 -1371 -516
12515 -1365 -515
12530 -1363 -515
12545 -1359 -515
12560 -1357 -514
12575 -1353 -514
12590 -1350 -514
12605 -1346 -514
12620 -1338 -514
12635 -1332 -513
12650 -1327 -512
12665 -1323 -512
12680 -1319 -510
12695 -1316 -509
12710 -1314 -508
12725 -1308 -506
12740 -1301 -502
12755 -1292 -498
12770 -1286 -497
12785 -1284 -495
12815 -1282 -495
12845 -1278 -495
12860 -1274 -494
12875 -1270 -494
12890 -1266 -493
12905 -1260 -492
12920 -1254 -491
12936 -1245 -490
12951 -1241 -489
12966 -1230 -486
12981 -1220 -481
12996 -1213 -477
13011 -1206 -474
13026 -1200 -470
13041 -1198 -469
13101 1 0
13206 1 2
13281 -1194 -468
13297 -1178 -466
13312 -1150 -460
13326 -1127 -458
13342 -1074 -453
13356 -1043 -445
13551 -1032 -446
13566 -990 -426
13581 -936 -392
13596 -873 -350
13612 -791 -302
13626 -722 -252
13641 -658 -214
13656 -609 -182
13671 -567 -155
13686 -560 -150
13701 -542 -140
13716 -529 -133
13731 -522 -130
13746 -514 -126
13761 -503 -125
13776 -492 -124
13791 -481 -123
13806 -478 -123
13821 -473 -123
13836 -467 -122
13851 -450 -118
13866 -431 -114
13881 -414 -108
13896 -398 -105
13911 -389 -102
13926 -384 -101
13941 -368 -97
13956 -346 -95
13971 -318 -93
13986 -294 -93
14001 -275 -93
14016 -256 -95
14032 -242 -98
14046 -236 -98
14061 -226 -102
14077 -216 -106
14091 -207 -109
14106 -198 -113
14121 -187 -118
14136 -175 -120
14151 -162 -122
14166 -157 -123
14181 -150 -124
14196 -142 -125
14211 -134 -126
14226 -125 -126
14241 -121 -127
14256 1 0
14256 -118 -128
14361 1 2
14392 -129 -134
14406 -139 -137
14421 -202 -154
14436 -287 -178
14451 -386 -200
14466 -470 -222
14482 -526 -244
14497 -566 -274
14512 -603 -292
14527 -633 -312
14542 -642 -320
14557 -651 -328
14572 -655 -332
14587 -662 -342
14602 -674 -354
14617 -696 -379
14632 -738 -418
14647 -771 -447
14662 -857 -511
14677 -958 -586
14692 -1040 -641
14707 -1083 -680
14722 -1117 -702
14737 -1128 -714
14752 -1133 -720
14768 -1134 -722
14782 -1136 -723
14797 -1138 -725
14828 -1141 -728
14858 -1143 -730
14872 -1147 -733
14887 -1150 -736
14902 -1162 -745
14917 -1180 -756
14932 -1194 -766
14947 -1217 -778
14962 -1238 -790
14977 -1283 -805
14992 -1311 -814
15007 -1330 -820
15022 -1337 -822
15037 -1346 -826
15052 -1349 -826
15097 1 0
15202 1 2
15367 1 0
15458 1 2
15518 -1347 -826
15534 -1340 -822
15548 -1293 -797
15563 -1193 -746
15578 -1054 -697
15593 -880 -634
15608 -714 -571
15623 -581 -516
15638 -538 -494
15653 -470 -450
15668 -442 -423
15683 -428 -407
15698 -423 -397
15713 -422 -394
15728 -422 -392
15758 -422 -390
15803 -421 -386
15818 -421 -384
15833 -418 -378
15848 -412 -370
15863 -409 -367
15878 -398 -358
15893 -393 -350
15953 -398 -349
15968 -405 -346
15983 -411 -343
15999 -427 -336
16014 -430 -334
16028 -434 -333
16043 1 0
16118 1 2
16178 -443 -337
16193 -462 -347
16208 -522 -371
16223 -634 -414
16238 -701 -454
16253 -851 -522
16268 -1002 -597
16283 -1114 -656
16298 -1174 -690
16313 -1201 -711
16328 -1221 -726
16343 -1230 -734
16358 -1231 -737
16373 -1234 -740
16388 -1238 -742
16463 -1243 -746
16493 -1246 -747
16508 -1250 -749
16523 -1260 -754
16538 -1278 -762
16553 -1295 -769
16568 -1306 -774
16583 -1314 -779
16598 -1319 -781
16613 -1328 -785
16628 -1339 -792
16643 -1351 -797
16658 1 0
16658 -1353 -798
16748 1 2
16793 -1356 -799
16808 -1358 -800
16838 -1360 -800
16853 -1362 -801
16868 -1365 -802
16898 1 0
16988 1 2
17018 -1367 -805
17033 -1369 -805
17153 -1372 -807
17183 -1373 -809
17273 1 0
17379 1 2
17470 -1362 -800
17485 -1328 -778
17500 -1254 -738
17514 -1154 -674
17529 -1039 -607
17544 -933 -541
17559 -887 -519
17574 -799 -454
17589 -716 -397
17604 -643 -344
17619 -578 -302
17634 -530 -264
17649 -505 -243
17664 -486 -226
17679 -478 -221
17694 -462 -210
17709 -454 -203
17723 -442 -196
17738 -437 -191
17753 -430 -186
17768 -424 -183
17783 -422 -181
17798 -420 -181
17813 -418 -178
17828 -416 -177
17843 -414 -175
17993 -412 -173
18008 -406 -166
18023 -396 -157
18038 -391 -152
18053 -388 -149
18098 1 0
18173 1 2
18218 -394 -152
18233 -425 -161
18248 -474 -174
18263 -532 -189
18279 -590 -202
18293 -619 -210
18308 -683 -231
18323 -740 -250
18338 -761 -260
18353 -778 -264
18368 -782 -266
18459 -787 -266
18474 -795 -262
18489 -805 -258
18504 -816 -255
18519 -818 -254
18534 -828 -253
18549 -838 -252
18564 -842 -252
18609 1 0
18714 1 2
18789 -849 -258
18804 -868 -285
18819 -901 -330
18834 -957 -389
18849 -1014 -466
18864 -1070 -535
18879 -1122 -602
18894 -1142 -625
18909 -1171 -658
18924 -1190 -682
18939 -1202 -700
18954 -1214 -714
18969 -1223 -726
18984 -1232 -732
18999 -1238 -737
19014 -1240 -738
19029 -1244 -741
19044 -1249 -743
19059 -1256 -746
19074 -1267 -752
19089 -1278 -758
19104 -1294 -768
19119 -1310 -777
19134 -1317 -781
19149 -1326 -786
19164 -1331 -788
19179 -1335 -790
19194 -1339 -794
19209 -1346 -798
19224 -1354 -802
19239 -1358 -804
19254 -1366 -807
19284 1 0
19374 1 2
19449 -1358 -802
19464 -1333 -787
19479 -1310 -766
19494 -1227 -726
19509 -1131 -675
19524 -1027 -609
19539 -917 -550
19554 -804 -490
19569 -708 -437
19584 -634 -395
19599 -576 -347
19614 -557 -329
19629 -516 -305
19644 -491 -282
19659 -470 -271
19674 -457 -260
19689 -446 -250
19704 -433 -244
19719 -426 -239
19734 -422 -238
19749 -416 -237
19764 -412 -237
19779 -407 -237
19794 -400 -237
19809 -393 -237
19823 -388 -237
19838 -384 -237
19853 -379 -237
19868 -377 -236
19943 1 0
20034 1 2
20064 -370 -237
20079 -362 -238
20095 -345 -242
20109 -322 -243
20124 -290 -244
20139 -262 -244
20154 -237 -242
20169 -218 -238
20184 -203 -235
20199 -198 -234
20214 -189 -230
20229 -185 -229
20244 -180 -226
20259 -178 -224
20274 -171 -222
20289 -162 -218
20304 -149 -216
20319 -144 -215
20334 -135 -213
20349 -130 -211
20364 -126 -210
20379 -123 -210
20409 -120 -209
20484 -118 -208
20499 -116 -207
20529 -114 -206
20559 1 0
20634 1 2
20724 -116 -206
20739 -135 -216
20754 -190 -242
20769 -303 -294
20784 -436 -344
20799 -595 -405
20814 -681 -439
20829 -829 -503
20844 -938 -554
20859 -1011 -592
20874 -1072 -631
20889 -1122 -663
20904 -1146 -682
20919 -1171 -694
20934 -1178 -698
20949 -1194 -706
20964 -1206 -713
20979 -1217 -720
20994 -1227 -726
21009 -1236 -730
21024 -1242 -734
21039 -1245 -737
21069 -1249 -739
21084 -1252 -741
21099 -1257 -743
21114 -1259 -743
21129 -1262 -743
21144 -1264 -743
21159 -1269 -742
21189 -1281 -742
21204 -1294 -748
21219 -1310 -758
21234 -1329 -771
21249 -1347 -782
21264 -1359 -788
21339 1 0
21445 1 2
21460 -1362 -790
21475 -1364 -792
21490 -1366 -794
21505 -1369 -795
21520 -1370 -797
21580 1 0
21685 1 2
21910 1 0
22015 1 2
22150 -1356 -794
22165 -1317 -778
22180 -1224 -746
22195 -1089 -698
22210 -942 -650
22225 -822 -616
22240 -739 -595
22255 -677 -574
22270 -650 -566
22285 -608 -552
22300 -571 -535
22315 -556 -525
22330 -548 -518
22345 -542 -514
22361 -535 -510
22375 -530 -506
22390 -528 -504
22405 -523 -500
22420 -516 -495
22435 -508 -491
22450 -499 -486
22465 -488 -482
22480 -474 -476
22495 -457 -466
22510 -448 -462
22525 -437 -458
22555 1 0
22645 1 2
22675 -441 -458
22690 -478 -469
22705 -550 -494
22720 -660 -527
22735 -802 -578
22751 -957 -647
22765 -1022 -664
22780 -1136 -712
22795 -1214 -752
22810 -1253 -783
22825 -1272 -794
22841 -1283 -801
22856 -1288 -806
22871 -1291 -806
22885 -1295 -808
22901 -1299 -810
22916 -1303 -810
22931 -1306 -810
22946 -1314 -812
22961 -1328 -814
22976 -1342 -818
22991 -1350 -821
23006 -1366 -824
23021 -1374 -826
23036 -1380 -826
23096 1 0
23186 1 2
23336 1 0
23441 1 2
23726 1 0
23816 1 2
23936 -1378 -825
23951 -1371 -822
23966 -1363 -818
23981 -1337 -799
23996 -1287 -775
24011 -1213 -732
24026 -1116 -668
24041 -998 -611
24056 -866 -530
24071 -739 -465
24086 -679 -436
24101 -594 -389
24116 -550 -360
24131 -524 -336
24146 -505 -310
24161 -485 -283
24176 -465 -258
24191 -450 -238
24206 -444 -230
24221 -434 -218
24236 -426 -210
24251 -423 -206
24266 -422 -203
24296 -420 -201
24417 -419 -204
24432 -423 -224
24447 -426 -237
24462 -428 -259
24477 -430 -273
24492 -430 -276
24507 -431 -282
24522 -433 -292
24537 -433 -298
24552 -434 -305
24582 -435 -307
24702 1 0
24777 1 2
24807 -438 -309
24822 -446 -310
24837 -472 -316
24852 -517 -323
24867 -573 -329
24882 -641 -338
24897 -686 -348
24912 -718 -358
24927 -741 -362
24942 -750 -365
24957 -759 -367
24972 -766 -369
24988 -768 -370
25033 -770 -371
25047 -775 -372
25062 -779 -373
25078 -792 -374
25092 -801 -374
25108 -807 -374
25122 -815 -375
25137 -819 -376
25152 -822 -376
25197 1 0
25302 1 2
25317 -818 -377
25332 -814 -375
25347 -805 -371
25362 -790 -362
25377 -777 -354
25393 -770 -351
25437 1 0
25512 1 2
25572 -772 -355
25587 -782 -366
25602 -804 -382
25617 -835 -410
25632 -910 -470
25647 -982 -527
25662 -1023 -560
25677 -1105 -621
25692 -1176 -674
25707 -1218 -704
25722 -1238 -722
25737 -1255 -737
25752 -1272 -750
25767 -1286 -761
25782 -1292 -766
25797 -1302 -774
25812 -1310 -780
25827 -1318 -784
25842 -1326 -787
25858 -1334 -790
25872 -1339 -793
25887 -1347 -797
25902 -1354 -801
25917 -1362 -805
25932 -1366 -807
26037 1 0
26142 1 2
26217 -1363 -806
26232 -1350 -798
26247 -1300 -776
26262 -1263 -754
26277 -1165 -699
26292 -1042 -627
26307 -907 -548
26322 -772 -469
26337 -655 -409
26352 -573 -359
26367 -514 -317
26382 -496 -305
26397 -474 -286
26412 -462 -280
26427 -459 -279
26472 -457 -279
26487 -453 -280
26502 -449 -281
26517 -440 -283
26532 -433 -286
26547 -426 -288
26562 -417 -292
26577 -405 -302
26592 -383 -318
26608 -366 -334
26622 -360 -341
26637 -349 -352
26652 -341 -362
26667 -334 -370
26682 -330 -376
26697 -328 -380
26712 -326 -386
26742 -324 -387
26802 1 0
26907 1 2
26997 -319 -382
27012 -306 -373
27027 -294 -363
27042 -276 -350
27057 -255 -338
27072 -230 -326
27087 -210 -315
27102 -199 -311
27117 -185 -302
27132 -173 -292
27147 -160 -285
27162 -151 -277
27177 -142 -270
27192 -137 -265
27207 -133 -260
27222 -131 -259
27252 -129 -256
27312 -127 -254
27328 -126 -252
27342 -125 -250
27357 -120 -244
27372 -118 -241
27387 -117 -239
27447 1 0
27537 1 2
27627 -131 -248
27643 -174 -269
27658 -254 -318
27673 -358 -390
27687 -467 -459
27702 -518 -494
27717 -628 -570
27732 -718 -633
27747 -792 -671
27762 -845 -702
27777 -890 -728
27792 -921 -740
27807 -967 -751
27822 -989 -757
27837 -1030 -767
27852 -1062 -773
27867 -1090 -782
27882 -1121 -790
27897 -1144 -798
27912 -1169 -803
27927 -1193 -806
27942 -1197 -808
27957 -1210 -811
27972 -1222 -815
27987 -1235 -818
28002 -1242 -820
28017 -1246 -822
28032 -1250 -822
28047 -1262 -825
28062 -1270 -826
28077 -1288 -828
28092 -1302 -828
28107 -1311 -828
28122 -1314 -828
28152 1 0
28242 1 2
28377 1 0
28482 1 2
28617 -1316 -829
28632 -1318 -827
28647 -1322 -826
28797 1 0
28917 1 2
29068 -1319 -822
29083 -1314 -816
29098 -1294 -798
29113 -1247 -758
29128 -1172 -710
29143 -1085 -654
29158 -1034 -616
29173 -926 -555
29188 -819 -492
29203 -722 -431
29219 -668 -378
29233 -630 -337
29248 -608 -319
29263 -597 -304
29278 -592 -296
29293 -581 -279
29308 -569 -263
29323 -555 -245
29338 -543 -230
29353 -531 -213
29368 -523 -202
29383 -518 -192
29398 -517 -189
29413 -513 -185
29428 -511 -181
29443 -509 -178
29458 -503 -172
29473 -494 -162
29488 -485 -153
29503 -482 -150
29518 -478 -146
29533 -476 -145
29549 -474 -142
29593 1 0
29698 1 2
29848 27 0
29998 27 2
1
1061109567 