100
0 -1255 -687
721 1 0
856 1 2
1231 -767 -431
1651 52 0
1801 52 2
2071 87 0
2191 2 0
2296 2 2
2911 2 0
3031 2 2
3286 32 0
3451 32 2
3722 32 0
3857 32 2
5945 2 0
6050 2 2
6396 32 0
6516 32 2
6772 32 0
6907 32 2
10016 2 0
10151 2 2
10888 2 0
11023 2 2
12029 70 0
12134 70 2
12824 69 0
12854 87 2
12944 69 2
13260 69 0
13350 69 2
13455 69 0
13515 69 2
13620 69 0
13680 69 2
13770 69 0
13845 69 2
13980 69 0
14040 69 2
14145 69 0
14235 69 2
14325 69 0
14385 69 2
14475 69 0
14535 69 2
14640 69 0
14685 69 2
14775 69 0
14835 69 2
15481 65 0
16414 87 0
16579 87 2
16910 87 0
17420 87 2
17525 87 0
18231 65 2
18396 49 0
18456 87 2
18531 49 2
19986 81 0
20136 81 2
20782 69 0
20857 69 2
20947 69 0
20992 69 2
21068 69 0
21143 69 2
21743 51 0
21833 51 2
21953 69 0
22043 69 2
22508 81 0
22598 81 2
22718 81 0
22823 81 2
23213 87 0
23273 81 0
23303 87 2
23363 81 2
23453 81 0
23498 81 2
23604 81 0
23649 81 2
23739 81 0
23799 81 2
23934 81 0
24024 81 2
24294 81 0
24354 81 2
24444 81 0
24504 81 2
24610 81 0
24670 81 2
24760 81 0
24805 81 2
24895 81 0
24955 81 2
25045 81 0
25120 81 2
1
1061109567 