258
0 -767 -431
630 70 0
735 70 2
4651 -772 -431
4666 -804 -440
4681 -870 -461
4696 -950 -492
4711 -994 -508
4726 -1083 -546
4741 -1165 -577
4756 -1221 -600
4771 -1238 -610
4786 -1252 -619
4801 -1259 -626
4816 -1266 -632
4831 -1272 -637
4846 -1286 -650
4861 -1297 -658
4876 -1308 -667
4891 -1315 -674
4907 -1329 -683
4921 -1339 -691
4937 -1355 -704
4951 -1369 -718
4966 -1378 -730
4981 -1397 -748
4996 -1408 -762
5011 -1414 -772
5026 -1417 -781
5041 -1418 -785
5056 -1419 -790
5071 -1420 -796
5086 -1420 -798
5116 -1420 -802
5131 -1420 -806
5146 -1420 -811
5161 -1420 -815
5176 -1420 -818
5236 1 0
5341 1 2
6662 1 0
6782 1 2
13057 -1419 -814
13072 -1416 -812
13102 -1413 -807
13117 -1410 -805
13132 -1406 -800
13147 -1400 -795
13162 -1391 -789
13177 -1382 -784
13192 -1369 -778
13207 -1359 -775
13223 -1344 -770
13238 -1326 -764
13253 -1310 -759
13268 -1294 -756
13283 -1289 -754
13298 -1285 -754
13313 -1281 -752
13329 -1277 -749
13345 -1275 -749
13523 1 0
13598 1 2
13973 -767 -431
14423 49 0
14558 49 2
14843 87 0
15008 2 0
15113 2 2
15774 2 0
15849 2 2
16269 32 0
16374 32 2
16614 32 0
16749 32 2
18806 2 0
18896 2 2
19661 32 0
19781 32 2
20051 32 0
20186 32 2
23248 2 0
23339 2 2
24329 2 0
24419 2 2
25964 87 2
26054 70 0
26220 70 2
26490 52 0
26625 52 2
27045 69 0
27526 37 0
27781 37 2
27916 39 0
28442 39 2
28547 69 2
29088 51 0
29238 51 2
29403 65 0
29568 2 0
29673 2 2
29793 87 0
29868 69 0
30034 69 2
30273 65 2
30303 68 0
30348 2 0
30483 2 2
30648 68 2
30738 69 0
30828 87 2
30843 69 2
30933 68 0
31008 83 0
31218 2 0
31383 2 2
31518 68 2
31743 2 0
31878 2 2
31878 68 0
32119 68 2
32209 69 0
32374 69 2
32689 2 0
32824 2 2
33004 69 0
33169 69 2
33409 65 0
33559 2 0
33589 83 2
33724 2 2
33754 87 0
33889 65 2
34024 49 0
34129 49 2
34189 87 2
34249 69 0
35030 69 2
35285 1 0
35510 1 2
35885 83 0
36230 2 0
36410 2 2
36621 50 0
36681 83 2
36711 50 2
36786 87 0
36861 69 0
37026 69 2
37041 87 2
37341 68 0
37461 2 0
37611 2 2
37866 68 2
37866 87 0
37941 65 0
38016 65 2
38046 52 0
38196 52 2
38346 65 0
38346 69 0
38571 65 2
38902 69 2
38977 87 2
39217 65 0
39562 83 0
39682 1 0
39817 83 2
39862 1 2
39997 87 0
40088 87 2
40253 2 0
40373 2 2
40373 87 0
40598 65 2
40613 51 0
40718 51 2
40838 87 2
40883 1 0
41003 1 2
41198 1 0
41318 1 2
41453 1 0
41573 1 2
41708 1 0
41828 1 2
41948 1 0
42068 1 2
42188 1 0
42293 1 2
42413 1 0
42533 1 2
42668 1 0
42773 1 2
42923 1 0
43043 1 2
43178 1 0
43298 1 2
43373 83 0
43493 2 0
43568 68 0
43643 2 2
43958 83 2
44063 1 0
44198 1 2
44198 87 0
44289 68 2
44289 87 2
44319 1 0
44439 1 2
44544 1 0
44664 1 2
44784 1 0
44934 1 2
45084 65 0
45234 2 0
45339 2 2
45444 87 0
45564 1 0
45639 65 2
45639 87 2
45654 1 2
45774 1 0
45849 1 2
45969 1 0
46075 1 2
46180 1 0
46285 65 0
46300 1 2
46315 87 0
46420 69 0
46510 87 2
46569 69 2
46870 2 0
47035 2 2
47110 87 0
47230 65 2
47230 69 0
47381 69 2
47576 68 0
47741 2 0
47891 2 2
48116 87 2
48371 69 0
48521 69 2
48656 83 0
48776 2 0
48957 2 2
48972 68 2
49197 1 0
49317 1 2
49363 83 2
49513 49 0
49648 49 2
50038 69 0
50713 69 2
50908 1 0
51148 1 2
53
27526 27541 27556 27571 27586 27601 27616 27631 27646 27661 
27676 27691 27706 27721 27736 27751 27767 27916 27931 27946 
27961 27976 27991 28006 28021 28036 28051 28066 28081 28096 
28112 28127 28142 28157 28172 28186 28201 28216 28231 28246 
28262 28277 28292 28307 28322 28337 28352 28367 28382 28397 
28412 28427 1061109567 