0 -903 -491
391 27 0
496 27 2
887 74 0
993 74 2
1219 49 0
1309 49 2
2437 1 0
2527 1 2
2587 1 0
2662 1 2
4406 -902 -493
4421 -901 -497
4436 -898 -512
4451 -891 -537
4466 -884 -558
4481 -878 -587
4496 -873 -616
4511 -868 -642
4526 -861 -680
4541 -854 -716
4556 -851 -747
4571 -849 -764
4587 -846 -779
4602 -844 -788
4616 -844 -791
4662 -844 -794
4692 -844 -796
4737 1 0
4813 1 2
4949 -848 -795
4964 -858 -794
4979 -879 -791
4994 -917 -788
5010 -974 -782
5025 -1033 -776
5040 -1105 -773
5055 -1149 -771
5070 -1227 -770
5085 -1290 -770
5101 -1338 -766
5116 -1366 -766
5132 -1386 -766
5147 -1400 -766
5162 -1414 -766
5177 -1418 -766
5192 -1422 -766
5222 -1429 -766
5238 -1435 -766
5253 -1438 -766
5283 -1440 -766
5358 1 0
5448 1 2
5688 -1438 -762
5703 -1436 -758
5718 -1427 -747
5734 -1417 -736
5749 -1400 -720
5764 -1374 -696
5779 -1356 -682
5794 -1322 -658
5808 -1306 -638
5824 -1273 -599
5839 -1265 -590
5854 -1253 -572
5869 -1241 -558
5885 -1230 -544
5900 -1221 -534
5915 -1210 -524
5931 -1197 -513
5946 -1181 -501
5961 -1166 -490
5976 -1150 -482
5992 -1142 -476
6007 -1137 -474
6022 -1134 -472
6052 -1133 -470
6203 1 0
6293 1 2
6427 -1134 -474
6442 -1144 -484
6457 -1155 -497
6473 -1167 -511
6488 -1182 -529
6503 -1190 -537
6518 -1207 -562
6533 -1230 -601
6548 -1247 -630
6563 -1265 -654
6578 -1280 -677
6593 -1293 -696
6608 -1305 -709
6623 -1310 -716
6638 -1320 -730
6653 -1326 -739
6668 -1330 -746
6683 -1333 -750
6699 -1335 -752
6713 -1338 -754
6728 -1341 -758
6759 -1343 -761
6819 -1344 -754
6834 -1347 -739
6849 -1348 -722
6865 -1348 -706
6880 -1348 -694
6895 -1346 -689
6910 -1346 -681
6940 1 0
7045 1 2
7136 -1345 -685
7166 -1346 -695
7181 -1347 -701
7196 -1350 -709
7211 -1350 -712
7226 -1352 -720
7241 -1354 -730
7256 -1357 -738
7271 -1358 -742
7287 -1360 -751
7302 -1362 -758
7317 -1363 -764
7332 -1364 -769
7347 -1365 -772
7362 -1365 -774
7377 -1366 -780
7393 -1366 -782
7408 -1366 -787
7424 -1366 -791
7439 -1367 -793
7453 -1367 -798
7468 -1367 -802
7484 -1367 -805
7499 -1367 -808
7588 -1367 -810
7603 1 0
7710 1 2
