0 -1055 -552
90 50 0
180 50 2
3215 27 0
3230 27 2
3245 27 0
3260 27 2
3275 27 0
3290 27 2
3305 27 0
3320 27 2
3335 27 0
3350 27 2
3365 27 0
3380 27 2
3395 27 0
3410 27 2
3425 27 0
3440 27 2
3455 27 0
3470 27 2
3485 27 0
3501 27 2
3516 27 0
3531 27 2
3546 27 0
3561 27 2
3576 27 0
3591 27 2
3606 27 0
3621 27 2
3636 27 0
3651 27 2
3666 27 0
3681 27 2
3696 27 0
3711 27 2
3726 27 0
3741 27 2
3756 27 0
3771 27 2
3786 27 0
3801 27 2
3816 27 0
3831 27 2
3846 27 0
3861 27 2
3876 27 0
3891 27 2
3906 27 0
3921 27 2
3936 27 0
3951 27 2
3966 27 0
3981 27 2
3996 27 0
4011 27 2
4026 27 0
4041 27 2
4055 27 0
4070 27 2
4085 27 0
4100 27 2
4115 27 0
4130 27 2
4145 27 0
4160 27 2
4175 27 0
4190 27 2
4205 27 0
4220 27 2
4235 27 0
4250 27 2
4265 27 0
4280 27 2
4295 27 0
4310 27 2
4325 27 0
4340 27 2
4355 27 0
4371 27 2
4386 27 0
4401 27 2
4416 27 0
4431 27 2
4447 27 0
4462 27 2
4477 27 0
4492 27 2
4507 27 0
4522 27 2
4537 27 0
4552 27 2
4567 27 0
4582 27 2
4597 27 0
4612 27 2
4627 27 0
4642 27 2
4657 27 0
4672 27 2
4687 27 0
4703 27 2
4717 27 0
4733 27 2
4748 27 0
4763 27 2
4778 27 0
4793 27 2
4808 27 0
4823 27 2
4838 27 0
4854 27 2
4869 27 0
4884 27 2
4900 27 0
4914 27 2
4929 27 0
4944 27 2
4960 27 0
4975 27 2
4990 27 0
5005 27 2
5020 27 0
5035 27 2
5050 27 0
5065 27 2
5080 27 0
5095 27 2
5110 27 0
5125 27 2
5140 27 0
5155 27 2
5170 27 0
5185 27 2
5201 27 0
5216 27 2
5231 27 0
5246 27 2
5261 27 0
5276 27 2
5292 27 0
5307 27 2
5322 27 0
5337 27 2
5352 27 0
5367 27 2
5382 27 0
5397 27 2
6029 192 0
6135 192 2
8266 49 0
8400 49 2
8764 87 0
9233 87 2
10740 74 0
11872 74 2
12296 85 0
12372 85 2
12463 85 0
12523 85 2
12598 85 0
12657 85 2
12732 85 0
12793 85 2
12869 85 0
12914 85 2
13410 49 0
13560 49 2
13907 74 0
14764 74 2
15231 85 0
15367 85 2
15744 74 0
16602 74 2
17099 85 0
17219 85 2
18712 49 0
18832 49 2
19767 85 0
20564 85 2
20914 74 0
22392 74 2
22497 85 0
23236 85 2
23553 74 0
28799 74 2
29236 50 0
29342 50 2
29811 74 0
30051 74 2
30156 74 0
30231 74 2
30336 74 0
30398 74 2
30488 74 0
30564 74 2
30640 74 0
30700 74 2
30775 74 0
31969 74 2
32377 85 0
32574 85 2
33178 74 0
33298 74 2
33389 74 0
33465 74 2
33674 79 0
34216 79 2
34473 70 0
34623 70 2
35000 49 0
35105 49 2
35181 49 0
35256 49 2
35316 49 0
35391 49 2
35452 49 0
35527 49 2
35587 49 0
35678 49 2
35784 49 0
35830 49 2
36915 50 0
36991 50 2
37096 50 0
37187 50 2
37473 50 0
37534 50 2
37684 50 0
37744 50 2
37820 50 0
37895 50 2
38604 85 0
39372 85 2
39674 74 0
41241 74 2
41331 85 0
42039 85 2
42370 74 0
46902 74 2
58588 1 0
58785 1 2
60216 -1050 -554
60231 -1034 -562
60246 -1009 -572
60261 -970 -585
60277 -912 -609
60292 -854 -634
60307 -812 -654
60321 -783 -665
60337 -762 -673
60352 -754 -675
60367 -744 -682
60382 -742 -682
60397 -739 -685
60428 -735 -687
60459 -732 -689
60489 -730 -690
60504 -728 -691
60519 -721 -694
60534 -714 -699
60550 -699 -706
60564 -684 -713
60580 -673 -718
60595 -666 -720
60610 -664 -720
60626 1 0
60730 1 2
60820 -667 -718
60835 -674 -713
60850 -684 -706
60865 -696 -698
60880 -708 -691
60895 -714 -689
60910 -728 -685
60925 -738 -681
60940 -742 -680
60956 -745 -679
60971 -747 -678
60986 -750 -678
61001 -755 -678
61016 -766 -675
61031 -770 -674
61047 -782 -671
61062 -796 -666
61077 -809 -660
61092 -818 -654
61107 -822 -653
61137 1 0
61243 1 2
61243 -830 -652
61258 -861 -657
61273 -911 -668
61288 -975 -689
61304 -1048 -707
61319 -1085 -717
61334 -1159 -734
61349 -1225 -751
61364 -1282 -765
61379 -1327 -778
61394 -1355 -787
61409 -1379 -794
61424 -1388 -798
61440 -1398 -802
61455 -1402 -804
61500 -1405 -806
61515 -1407 -806
61530 -1409 -807
61621 1 0
61726 1 2
62269 1 0
62390 1 2
