0 -1131 -633
75 50 0
195 50 2
3213 27 0
3228 27 2
3243 27 0
3258 27 2
3273 27 0
3288 27 2
3303 27 0
3318 27 2
3333 27 0
3348 27 2
3363 27 0
3378 27 2
3393 27 0
3408 27 2
3423 27 0
3438 27 2
3453 27 0
3468 27 2
3483 27 0
3498 27 2
3513 27 0
3528 27 2
3543 27 0
3558 27 2
3573 27 0
3588 27 2
3603 27 0
3618 27 2
3633 27 0
3648 27 2
3663 27 0
3678 27 2
3693 27 0
3708 27 2
3723 27 0
3738 27 2
3754 27 0
3769 27 2
3784 27 0
3798 27 2
3814 27 0
3829 27 2
3844 27 0
3859 27 2
3874 27 0
3889 27 2
3904 27 0
3919 27 2
3934 27 0
3949 27 2
3964 27 0
3979 27 2
3994 27 0
4009 27 2
4024 27 0
4039 27 2
4054 27 0
4069 27 2
4084 27 0
4099 27 2
4114 27 0
4129 27 2
4144 27 0
4159 27 2
4174 27 0
4189 27 2
4204 27 0
4219 27 2
4234 27 0
4249 27 2
4264 27 0
4279 27 2
4294 27 0
4309 27 2
4324 27 0
4339 27 2
4354 27 0
4369 27 2
4384 27 0
4399 27 2
4415 27 0
4430 27 2
4445 27 0
4460 27 2
4475 27 0
4490 27 2
4505 27 0
4520 27 2
4535 27 0
4550 27 2
4565 27 0
4580 27 2
4595 27 0
4610 27 2
4625 27 0
4640 27 2
4655 27 0
4670 27 2
4685 27 0
4700 27 2
4715 27 0
4730 27 2
4745 27 0
4760 27 2
4775 27 0
4790 27 2
4805 27 0
4820 27 2
4835 27 0
4850 27 2
4865 27 0
4880 27 2
4895 27 0
4910 27 2
4925 27 0
4940 27 2
4955 27 0
4970 27 2
4985 27 0
5000 27 2
5015 27 0
5030 27 2
5045 27 0
5060 27 2
5075 27 0
5090 27 2
5105 27 0
5120 27 2
5135 27 0
5150 27 2
5165 27 0
5180 27 2
5195 27 0
5210 27 2
5225 27 0
5240 27 2
5255 27 0
5270 27 2
5285 27 0
5300 27 2
5315 27 0
5330 27 2
5345 27 0
5361 27 2
5376 27 0
5391 27 2
6509 192 0
6660 192 2
8482 49 0
8587 49 2
10424 87 0
10605 87 2
10635 74 0
11298 74 2
11886 85 0
11991 85 2
12309 74 0
12909 74 2
13422 85 0
13497 85 2
15229 49 0
15334 49 2
16416 85 0
16611 85 2
17335 74 0
17516 74 2
18706 79 0
19261 79 2
24358 74 0
25274 74 2
25532 49 0
25682 49 2
26148 85 0
27520 85 2
27880 74 0
29464 74 2
29691 85 0
30475 85 2
30851 70 0
30956 70 2
31016 79 0
31122 79 2
35947 85 0
36068 85 2
36867 74 0
36943 74 2
37063 74 0
37138 74 2
37244 74 0
37320 74 2
37425 74 0
37515 74 2
37605 74 0
37695 74 2
37800 74 0
37891 74 2
37996 74 0
38101 74 2
38191 74 0
38297 74 2
38402 74 0
38508 74 2
38599 74 0
38705 74 2
38810 74 0
38902 74 2
38991 74 0
39082 74 2
39174 74 0
39251 74 2
39371 74 0
39462 74 2
39568 74 0
39658 74 2
39764 74 0
39854 74 2
39961 74 0
40052 74 2
40157 74 0
40248 74 2
40369 74 0
40460 74 2
40567 74 0
40657 74 2
40748 74 0
40839 74 2
40944 74 0
41019 74 2
41110 74 0
41201 74 2
41292 74 0
41353 74 2
41443 74 0
41503 74 2
41579 74 0
42545 74 2
43720 85 0
43811 85 2
43917 85 0
44008 85 2
61246 1 0
61427 1 2
63109 -1132 -650
63125 -1129 -662
63140 -1124 -676
63156 -1123 -682
63171 -1120 -689
63186 -1118 -694
63201 -1116 -698
63216 -1113 -703
63231 -1109 -710
63246 -1104 -718
63261 -1098 -723
63276 -1095 -727
63291 -1094 -731
63306 -1092 -734
63337 -1090 -737
63352 -1090 -739
63397 1 0
63505 1 2
63610 -1082 -738
63625 -1074 -735
63640 -1064 -732
63655 -1053 -726
63670 -1036 -722
63685 -1018 -714
63700 -1009 -709
63715 -982 -701
63730 -966 -694
63745 -954 -690
63760 -948 -688
63775 -945 -686
63790 -942 -686
63805 -938 -684
63821 -933 -683
63835 -931 -682
63850 -928 -682
63865 -926 -680
63880 -923 -679
63895 -920 -678
63910 -916 -678
63926 1 0
64032 1 2
64334 -922 -680
64350 -947 -690
64365 -1004 -710
64380 -1086 -738
64396 -1137 -755
64411 -1218 -779
64425 -1253 -790
64441 -1260 -793
64456 -1265 -794
64486 -1267 -794
64501 -1270 -794
64516 -1275 -794
64532 -1278 -794
64547 -1284 -794
64563 -1286 -794
64577 -1289 -794
64609 -1294 -795
64623 -1302 -797
64638 -1313 -798
64653 -1322 -798
64668 -1325 -798
64698 1 0
64803 1 2
65133 1 0
65223 1 2
65783 1 0
65874 1 2
