0 -978 -651
105 50 0
211 50 2
3215 27 0
3230 27 2
3245 27 0
3260 27 2
3275 27 0
3290 27 2
3305 27 0
3320 27 2
3335 27 0
3350 27 2
3365 27 0
3380 27 2
3395 27 0
3410 27 2
3425 27 0
3440 27 2
3455 27 0
3470 27 2
3485 27 0
3500 27 2
3515 27 0
3530 27 2
3545 27 0
3560 27 2
3575 27 0
3590 27 2
3605 27 0
3620 27 2
3635 27 0
3650 27 2
3665 27 0
3680 27 2
3695 27 0
3710 27 2
3725 27 0
3740 27 2
3755 27 0
3770 27 2
3785 27 0
3800 27 2
3815 27 0
3830 27 2
3845 27 0
3860 27 2
3875 27 0
3890 27 2
3905 27 0
3920 27 2
3935 27 0
3950 27 2
3965 27 0
3980 27 2
3995 27 0
4010 27 2
4025 27 0
4040 27 2
4055 27 0
4070 27 2
4085 27 0
4100 27 2
4115 27 0
4130 27 2
4145 27 0
4160 27 2
4175 27 0
4190 27 2
4205 27 0
4220 27 2
4235 27 0
4250 27 2
4265 27 0
4280 27 2
4295 27 0
4310 27 2
4325 27 0
4340 27 2
4355 27 0
4370 27 2
4385 27 0
4400 27 2
4415 27 0
4430 27 2
4445 27 0
4460 27 2
4475 27 0
4490 27 2
4505 27 0
4520 27 2
4535 27 0
4550 27 2
4565 27 0
4580 27 2
4595 27 0
4610 27 2
4625 27 0
4640 27 2
4655 27 0
4670 27 2
4685 27 0
4700 27 2
4715 27 0
4730 27 2
4745 27 0
4761 27 2
4776 27 0
4791 27 2
4806 27 0
4821 27 2
4836 27 0
4851 27 2
4866 27 0
4881 27 2
4896 27 0
4911 27 2
4926 27 0
4941 27 2
4956 27 0
4971 27 2
4986 27 0
5001 27 2
5016 27 0
5031 27 2
5047 27 0
5062 27 2
5077 27 0
5091 27 2
5106 27 0
5121 27 2
5137 27 0
5152 27 2
5167 27 0
5182 27 2
5197 27 0
5211 27 2
5226 27 0
5241 27 2
5256 27 0
5271 27 2
5286 27 0
5301 27 2
5317 27 0
5332 27 2
5347 27 0
5362 27 2
5377 27 0
5392 27 2
6474 192 0
6594 192 2
8431 49 0
8537 49 2
9003 74 0
9560 74 2
11461 85 0
11566 85 2
11854 74 0
12456 74 2
13028 85 0
13134 85 2
14762 49 0
14884 49 2
15879 85 0
16014 85 2
16676 74 0
16752 74 2
16843 74 0
16919 74 2
17793 79 0
18394 79 2
23636 74 0
24539 74 2
25460 49 0
25671 49 2
28788 85 0
29541 85 2
29767 70 0
29812 70 2
29812 74 0
30097 77 0
30233 77 2
31392 74 2
31558 79 0
31678 79 2
36338 85 0
36414 85 2
36505 85 0
36580 85 2
36671 85 0
36761 85 2
37182 74 0
37243 74 2
37408 74 0
37469 74 2
37604 74 0
37696 74 2
37816 74 0
37920 74 2
38055 74 0
38160 74 2
38281 74 0
38386 74 2
38537 74 0
38627 74 2
38762 74 0
38853 74 2
38973 74 0
39079 74 2
39200 74 0
39305 74 2
39426 74 0
39532 74 2
39652 74 0
39757 74 2
39877 74 0
39968 74 2
40103 74 0
40194 74 2
40315 74 0
40421 74 2
40541 74 0
40647 74 2
40751 74 0
40842 74 2
40917 74 0
40992 74 2
41083 74 0
41158 74 2
41279 74 0
41355 74 2
41460 74 0
41550 74 2
41656 74 0
41732 74 2
41838 74 0
41914 74 2
42004 74 0
42064 74 2
42140 74 0
43011 74 2
44319 85 0
44395 85 2
44531 85 0
44607 85 2
44728 85 0
44803 85 2
44893 85 0
44954 85 2
45060 85 0
45120 85 2
45209 85 0
45255 85 2
45691 74 0
45766 74 2
45902 74 0
45992 74 2
46113 74 0
46204 74 2
46311 74 0
46416 74 2
46505 74 0
46640 74 2
46730 74 0
46865 74 2
46955 74 0
47075 74 2
47181 74 0
47301 74 2
61655 1 0
61775 1 2
63247 -976 -653
63262 -974 -653
63277 -972 -654
63292 -967 -655
63307 -964 -656
63322 -958 -658
63337 -950 -659
63352 -937 -663
63368 -918 -666
63383 -899 -672
63399 -870 -679
63414 -851 -686
63429 -826 -694
63444 -806 -702
63459 -782 -710
63474 -769 -715
63489 -731 -730
63504 -711 -738
63519 -688 -746
63534 -667 -753
63549 -649 -757
63564 -635 -761
63579 -627 -762
63595 -620 -764
63655 1 0
63746 1 2
63911 -624 -763
63925 -635 -758
63941 -654 -750
63956 -676 -743
63971 -697 -735
63986 -706 -731
64001 -738 -722
64016 -745 -718
64031 -762 -713
64047 -774 -707
64062 -782 -703
64077 -790 -699
64092 -798 -694
64107 -800 -692
64122 -806 -687
64137 -808 -684
64168 1 0
64258 1 2
64348 -814 -682
64364 -820 -679
64378 -833 -674
64393 -844 -670
64408 -862 -664
64423 -894 -654
64439 -911 -645
64454 -941 -637
64469 -964 -626
64484 -985 -611
64499 -1008 -594
64514 -1018 -589
64529 -1040 -578
64544 -1058 -574
64559 -1067 -574
64574 -1083 -584
64589 -1102 -597
64604 -1137 -616
64619 -1166 -635
64633 -1190 -647
64649 -1222 -667
64664 -1241 -680
64679 -1252 -690
64694 -1255 -693
64724 -1258 -696
64755 -1259 -698
64770 -1262 -702
64785 -1265 -708
64800 -1270 -714
64815 -1277 -724
64829 -1283 -733
64844 -1291 -742
64859 -1299 -750
64874 -1306 -758
64889 -1310 -762
64905 -1318 -769
64919 -1322 -773
64934 -1325 -775
64949 -1326 -778
64964 -1328 -778
64995 -1330 -780
65010 -1331 -782
65025 -1334 -783
65040 -1336 -785
65085 -1339 -787
65100 -1342 -789
65116 -1344 -790
65177 1 0
65266 1 2
65945 50 0
66035 50 2
