0 -1341 -800
225 1 0
391 1 2
4011 27 0
4026 27 2
4041 27 0
4056 27 2
4071 27 0
4086 27 2
4101 27 0
4117 27 2
4131 27 0
4146 27 2
4161 27 0
4176 27 2
4191 27 0
4206 27 2
4221 27 0
4236 27 2
4251 27 0
4266 27 2
4281 27 0
4296 27 2
4311 27 0
4326 27 2
4341 27 0
4356 27 2
4371 27 0
4386 27 2
4401 27 0
4416 27 2
4431 27 0
4447 27 2
4462 27 0
4478 27 2
4493 27 0
4508 27 2
4523 27 0
4538 27 2
4553 27 0
4568 27 2
4583 27 0
4598 27 2
4613 27 0
4628 27 2
4643 27 0
4657 27 2
4672 27 0
4687 27 2
4702 27 0
4717 27 2
4732 27 0
4748 27 2
4762 27 0
4777 27 2
4793 27 0
4808 27 2
4823 27 0
4839 27 2
4854 27 0
4868 27 2
4883 27 0
4899 27 2
4914 27 0
4929 27 2
4944 27 0
4959 27 2
4974 27 0
4989 27 2
5004 27 0
5019 27 2
5035 27 0
5051 27 2
5066 27 0
5081 27 2
5097 27 0
5112 27 2
5127 27 0
5142 27 2
5157 27 0
5172 27 2
5188 27 0
5203 27 2
5218 27 0
5233 27 2
5248 27 0
5263 27 2
5278 27 0
5293 27 2
5309 27 0
5324 27 2
5340 27 0
5355 27 2
5370 27 0
5385 27 2
5399 27 0
5415 27 2
5430 27 0
5445 27 2
5460 27 0
5476 27 2
5491 27 0
5506 27 2
5522 27 0
5537 27 2
5552 27 0
5568 27 2
5583 27 0
5598 27 2
5613 27 0
5628 27 2
5643 27 0
5659 27 2
5673 27 0
5689 27 2
5704 27 0
5719 27 2
5734 27 0
5749 27 2
5764 27 0
5780 27 2
5794 27 0
5809 27 2
5825 27 0
5840 27 2
5855 27 0
5870 27 2
5885 27 0
5901 27 2
5916 27 0
5932 27 2
5947 27 0
5962 27 2
5977 27 0
5992 27 2
6917 192 0
7039 192 2
9673 87 0
9793 49 0
9930 49 2
10367 87 2
10382 100 0
10486 100 2
11091 97 0
11197 97 2
11318 97 0
11393 97 2
11483 97 0
11573 97 2
11664 97 0
11770 97 2
11847 97 0
11953 97 2
12044 97 0
12150 97 2
12225 97 0
12346 97 2
12421 97 0
12526 97 2
12648 97 0
12753 97 2
12828 97 0
12919 97 2
13010 97 0
13070 97 2
13145 97 0
13221 97 2
13843 49 0
13920 49 2
14403 100 0
14494 100 2
14615 100 0
14722 100 2
14813 100 0
14934 100 2
15039 100 0
15160 100 2
15250 100 0
15403 100 2
15493 100 0
15599 100 2
15705 100 0
15811 100 2
15886 100 0
15976 100 2
16053 100 0
16158 100 2
16218 100 0
16324 100 2
17457 102 0
17548 102 2
19888 50 0
19993 50 2
20568 102 0
20673 102 2
22548 97 0
23713 70 0
23727 97 2
23804 70 2
24119 68 0
24134 87 0
24525 68 2
24539 87 2
24689 102 0
24794 102 2
29798 67 0
29904 67 2
30476 49 0
30567 49 2
31301 97 0
32840 97 2
33278 97 0
34634 100 0
34783 100 2
34798 97 2
34903 97 0
35008 97 2
35098 97 0
35204 97 2
35279 97 0
35385 97 2
35476 97 0
35566 97 2
35656 97 0
35761 97 2
35851 97 0
35941 97 2
36031 97 0
36136 97 2
36227 97 0
36303 97 2
36408 97 0
36500 97 2
36591 97 0
36682 97 2
36773 97 0
36864 97 2
36970 97 0
37060 97 2
37150 97 0
37241 97 2
37332 97 0
37424 97 2
37499 97 0
37574 97 2
37666 97 0
37741 97 2
37832 97 0
37893 97 2
37970 97 0
38045 97 2
38105 97 0
39498 97 2
54317 -1338 -794
54332 -1330 -778
54347 -1324 -766
54362 -1313 -751
54377 -1300 -734
54392 -1288 -715
54407 -1275 -691
54422 -1269 -682
54437 -1258 -666
54452 -1248 -654
54467 -1243 -646
54481 -1239 -639
54558 1 0
54711 1 2
55042 -1239 -635
55057 -1240 -626
55072 -1238 -620
55087 -1235 -615
55102 -1233 -615
55117 -1230 -614
55522 -1233 -625
55552 -1232 -627
56394 -1226 -631
56409 -1214 -642
56424 -1197 -658
56439 -1179 -674
56454 -1170 -682
56468 -1146 -702
56484 -1138 -709
56499 -1125 -720
56514 -1114 -726
56529 -1103 -733
56544 -1091 -740
56559 -1086 -743
56589 -1084 -745
56604 1 0
56708 1 2
56813 -1076 -744
56828 -1060 -741
56844 -1042 -734
56859 -1020 -730
56874 -986 -724
56889 -968 -719
56904 -952 -714
56919 -942 -710
56934 -935 -708
56949 -924 -705
56964 -916 -701
56979 -913 -700
57009 -910 -699
57024 -905 -696
57039 -890 -692
57055 -875 -686
57070 -866 -681
57085 -849 -674
57100 -838 -665
57115 -832 -663
57130 1 0
57236 1 2
57280 -834 -663
57296 -839 -663
57310 -855 -667
57326 -886 -674
57340 -914 -677
57355 -952 -685
57370 -978 -692
57386 -1001 -697
57400 -1014 -699
57415 -1026 -702
57431 -1039 -706
57446 -1050 -710
57461 -1066 -718
57476 -1098 -731
57491 -1118 -740
57506 -1150 -748
57521 -1168 -753
57537 -1182 -758
57552 -1194 -762
57567 -1206 -763
57582 -1213 -764
57598 -1229 -767
57613 -1250 -770
57628 -1262 -774
57643 -1276 -779
57658 -1294 -786
57673 -1322 -793
57688 -1334 -798
57703 -1341 -799
57734 -1343 -800
57749 1 0
57856 1 2
57962 -1345 -801
57992 -1347 -802
58052 -1350 -803
58158 1 0
58264 1 2
58898 1 0
59003 1 2
