0 -714 -671
75 50 0
181 50 2
9387 70 0
9493 70 2
9569 70 0
9659 70 2
9718 70 0
9808 70 2
9898 70 0
9959 70 2
10049 70 0
10124 70 2
10215 70 0
10275 70 2
10336 70 0
10426 70 2
11422 49 0
11513 49 2
11710 100 0
11800 100 2
12145 97 0
12250 97 2
12341 97 0
12431 97 2
12521 97 0
12597 97 2
12703 97 0
12793 97 2
12898 97 0
12974 97 2
13064 97 0
13155 97 2
13261 97 0
13336 97 2
13441 97 0
13501 97 2
13576 97 0
13636 97 2
13696 97 0
13741 97 2
13996 49 0
14102 49 2
14162 49 0
14221 49 2
14281 49 0
14357 49 2
14792 100 0
14897 100 2
14987 100 0
15077 100 2
15167 100 0
15287 100 2
15377 100 0
15482 100 2
15572 100 0
15662 100 2
15767 100 0
15842 100 2
15947 100 0
16022 100 2
16127 100 0
16217 100 2
16307 100 0
16397 100 2
16487 100 0
16577 100 2
16682 100 0
16742 100 2
16832 100 0
16907 100 2
16967 100 0
17027 100 2
17102 100 0
17177 100 2
17342 102 0
17402 102 2
17507 102 0
17582 102 2
17672 102 0
17747 102 2
17807 102 0
17897 102 2
17972 102 0
18032 102 2
18107 102 0
18182 102 2
18272 102 0
18347 102 2
20879 50 0
20984 50 2
21150 102 0
21270 102 2
23345 97 0
24293 97 2
24458 68 0
24473 87 0
24953 68 2
24953 87 2
25193 102 0
25328 102 2
30910 49 0
31060 49 2
32218 97 0
32354 97 2
32444 97 0
32580 97 2
32685 97 0
32835 97 2
32925 97 0
33045 97 2
33135 97 0
33270 97 2
33360 97 0
33495 97 2
33585 97 0
33705 97 2
33781 97 0
33886 97 2
33976 97 0
34096 97 2
34186 97 0
34291 97 2
34366 97 0
34456 67 0
34486 97 2
34546 67 2
34576 97 0
34681 97 2
34771 97 0
34861 97 2
34951 97 0
35041 97 2
35131 97 0
35206 97 2
35281 97 0
35371 97 2
35446 97 0
35521 97 2
35611 97 0
35671 97 2
35746 97 0
35821 97 2
35881 97 0
35971 97 2
36016 97 0
40847 97 2
41254 100 0
41359 100 2
41434 100 0
41510 100 2
41585 100 0
41675 100 2
62043 1 0
62211 1 2
66630 -714 -667
66645 -716 -658
66660 -719 -648
66675 -722 -638
66690 -724 -627
66706 -727 -616
66720 -730 -607
66736 -733 -597
66751 -734 -586
66766 -738 -574
66781 -739 -562
66812 -739 -558
66919 1 0
67070 1 2
67341 -741 -558
67357 -746 -561
67372 -753 -562
67386 -771 -567
67402 -821 -577
67417 -890 -591
67431 -986 -610
67447 -1042 -622
67462 -1138 -642
67476 -1203 -656
67492 -1223 -661
67507 -1236 -666
67522 -1242 -670
67537 -1246 -672
67553 -1250 -674
67568 -1254 -679
67583 -1257 -682
67598 -1265 -691
67613 -1273 -701
67629 -1278 -708
67643 -1282 -714
67659 -1287 -724
67674 -1291 -734
67689 -1298 -749
67704 -1304 -760
67719 -1308 -766
67734 -1317 -785
67750 -1325 -798
67765 -1327 -802
67795 -1329 -803
67869 1 0
68006 1 2
68730 1 0
68851 1 2
