0 -542 -611
120 50 0
285 50 2
9075 70 0
9095 70 2
9175 70 0
9195 70 2
9275 70 0
9295 70 2
9375 70 0
9395 70 2
9475 70 0
9495 70 2
9575 70 0
9595 70 2
9675 70 0
9695 70 2
9775 70 0
9795 70 2
9875 70 0
9995 70 2
10086 70 0
10177 70 2
10268 70 0
10344 70 2
10433 70 0
10523 70 2
10599 70 0
10675 70 2
10751 70 0
10841 70 2
10915 70 0
11021 70 2
11082 70 0
11172 70 2
11246 70 0
11337 70 2
11413 70 0
11488 70 2
11578 70 0
11654 70 2
11744 70 0
11835 70 2
11925 70 0
12030 70 2
12136 70 0
12227 70 2
12333 70 0
12423 70 2
12528 70 0
12619 70 2
12710 70 0
12785 70 2
12891 70 0
12952 70 2
13074 70 0
13165 70 2
13256 70 0
13331 70 2
13588 49 0
13678 49 2
13888 100 0
14008 100 2
14432 97 0
14553 97 2
14658 97 0
14763 97 2
14853 97 0
14944 97 2
15065 97 0
15155 97 2
15245 97 0
15335 97 2
15440 97 0
15530 97 2
15620 97 0
15680 97 2
15771 97 0
15831 97 2
15906 97 0
15966 97 2
16071 49 0
16161 49 2
16251 49 0
16312 49 2
16387 49 0
16447 49 2
16522 49 0
16582 49 2
16792 100 0
16898 100 2
16973 100 0
17078 100 2
17153 100 0
17273 100 2
17363 100 0
17468 100 2
17558 100 0
17663 100 2
17754 100 0
17889 100 2
17950 100 0
18055 100 2
18146 100 0
18237 100 2
18327 100 0
18402 100 2
18492 100 0
18553 100 2
18643 100 0
18719 100 2
19743 102 0
19849 102 2
21742 67 0
21863 67 2
22813 50 0
22903 50 2
23069 102 0
23174 102 2
25234 97 0
26182 87 0
26197 68 0
26587 97 2
26677 68 2
26692 87 2
27142 102 0
27232 102 2
27307 102 0
27397 102 2
32868 49 0
32988 49 2
33678 97 0
35059 97 2
35329 97 0
36979 100 0
37099 97 2
37144 100 2
37249 97 0
38734 97 2
39244 102 0
39336 102 2
39426 102 0
39532 102 2
39607 102 0
39697 102 2
39773 102 0
39878 102 2
39938 102 0
40044 102 2
40104 102 0
40195 102 2
40256 102 0
40330 102 2
40391 102 0
40466 102 2
43388 97 0
44125 97 2
61198 1 0
61453 1 2
68102 -542 -618
68117 -542 -620
68132 -543 -630
68146 -543 -639
68161 -544 -653
68176 -544 -662
68191 -545 -674
68207 -545 -678
68222 -545 -686
68237 -545 -695
68252 -545 -702
68267 -545 -711
68282 -545 -717
68298 -545 -722
68313 -545 -727
68328 -545 -732
68343 -545 -737
68358 -545 -744
68373 -545 -750
68388 -545 -754
68448 1 0
68554 1 2
68946 -549 -754
68961 -559 -747
68976 -577 -735
68992 -593 -722
69007 -614 -709
69022 -638 -694
69037 -677 -678
69052 -690 -672
69068 -702 -668
69129 1 0
69251 1 2
69327 -710 -670
69342 -718 -671
69357 -734 -676
69373 -752 -683
69387 -779 -691
69402 -819 -706
69417 -882 -722
69433 -928 -733
69448 -960 -739
69463 -975 -742
69478 -990 -745
69494 -1002 -749
69509 -1015 -753
69524 -1030 -760
69539 -1045 -766
69554 -1058 -770
69570 -1070 -774
69585 -1082 -779
69600 -1110 -786
69615 -1134 -794
69630 -1166 -803
69646 -1177 -807
69736 1 0
69858 1 2
70552 1 0
70673 1 2
