0 -790 -493
75 50 0
165 50 2
3213 27 0
3228 27 2
3243 27 0
3258 27 2
3273 27 0
3288 27 2
3303 27 0
3318 27 2
3333 27 0
3348 27 2
3364 27 0
3379 27 2
3394 27 0
3409 27 2
3424 27 0
3439 27 2
3454 27 0
3469 27 2
3484 27 0
3499 27 2
3514 27 0
3529 27 2
3544 27 0
3559 27 2
3574 27 0
3589 27 2
3604 27 0
3619 27 2
3634 27 0
3649 27 2
3664 27 0
3679 27 2
3694 27 0
3709 27 2
3724 27 0
3739 27 2
3754 27 0
3769 27 2
3784 27 0
3799 27 2
3814 27 0
3829 27 2
3844 27 0
3859 27 2
3874 27 0
3889 27 2
3904 27 0
3919 27 2
3934 27 0
3949 27 2
3964 27 0
3979 27 2
3994 27 0
4009 27 2
4024 27 0
4039 27 2
4054 27 0
4069 27 2
4084 27 0
4099 27 2
4114 27 0
4129 27 2
4144 27 0
4159 27 2
4175 27 0
4189 27 2
4204 27 0
4219 27 2
4235 27 0
4250 27 2
4265 27 0
4280 27 2
4295 27 0
4310 27 2
4325 27 0
4340 27 2
4355 27 0
4370 27 2
4385 27 0
4400 27 2
4415 27 0
4430 27 2
4445 27 0
4460 27 2
4475 27 0
4490 27 2
4505 27 0
4519 27 2
4534 27 0
4549 27 2
4564 27 0
4579 27 2
4594 27 0
4609 27 2
4624 27 0
4639 27 2
4654 27 0
4669 27 2
4684 27 0
4699 27 2
4714 27 0
4729 27 2
4744 27 0
4759 27 2
4774 27 0
4789 27 2
4804 27 0
4820 27 2
4835 27 0
4850 27 2
4865 27 0
4880 27 2
4895 27 0
4910 27 2
4925 27 0
4940 27 2
4955 27 0
4970 27 2
4985 27 0
5000 27 2
5015 27 0
5030 27 2
5045 27 0
5060 27 2
5075 27 0
5090 27 2
5105 27 0
5120 27 2
5135 27 0
5150 27 2
5165 27 0
5180 27 2
5195 27 0
5210 27 2
5225 27 0
5240 27 2
5255 27 0
5270 27 2
5285 27 0
5300 27 2
5315 27 0
5330 27 2
5345 27 0
5360 27 2
5375 27 0
5390 27 2
5840 192 0
6005 192 2
7866 65 0
7896 87 0
8406 85 0
8421 65 2
8421 87 2
8466 85 2
8541 79 0
8616 79 2
8871 74 0
8916 74 2
9006 74 0
9066 74 2
9142 74 0
9202 74 2
9277 74 0
9337 74 2
9397 74 0
9472 74 2
9547 74 0
9607 74 2
9682 74 0
9757 74 2
9832 74 0
9892 74 2
9982 74 0
10042 74 2
10132 74 0
10192 74 2
10282 74 0
10357 74 2
10433 74 0
10508 74 2
10583 74 0
10643 74 2
10718 74 0
10778 74 2
10838 74 0
10943 74 2
11198 68 0
11273 73 0
11318 68 2
11333 74 0
11393 73 2
12683 74 2
13838 49 0
13958 49 2
14123 85 0
14198 85 2
14753 74 0
14829 74 2
14934 74 0
14994 74 2
15084 74 0
15159 74 2
15249 74 0
15309 74 2
15399 74 0
15459 74 2
15534 74 0
15609 74 2
15670 74 0
15730 74 2
15790 74 0
15835 74 2
15910 74 0
16871 74 2
17216 49 0
17336 49 2
18056 74 0
19438 74 2
20143 74 0
20908 74 2
20953 85 0
21073 85 2
21884 74 0
22680 74 2
22890 79 0
22980 79 2
23070 79 0
23115 79 2
23191 79 0
23281 79 2
26659 73 0
26749 73 2
26869 74 0
26959 74 2
27064 74 0
27140 74 2
27230 74 0
27305 74 2
27395 74 0
27485 74 2
27560 74 0
27665 74 2
27740 74 0
27830 74 2
27905 74 0
28010 74 2
28085 74 0
28160 74 2
28235 74 0
28310 74 2
28385 74 0
28445 74 2
28521 74 0
30592 74 2
30742 74 0
31958 74 2
32513 49 0
32603 49 2
32693 85 0
32708 85 2
32874 79 0
32964 79 2
33219 74 0
33294 74 2
33369 74 0
33429 74 2
33504 74 0
33564 74 2
33654 74 0
33714 74 2
33789 74 0
33864 74 2
33909 74 0
33969 74 2
34029 74 0
34164 74 2
34389 68 0
34434 73 0
34509 74 0
34554 68 2
34569 73 2
35694 74 2
36070 74 0
36130 79 0
36565 74 2
36580 79 2
38906 49 0
38996 49 2
38996 79 0
39086 79 2
39626 79 0
39717 79 2
42164 85 0
42224 85 2
42313 85 0
42373 85 2
42449 85 0
42524 85 2
42584 85 0
42659 85 2
42884 74 0
42974 74 2
43064 74 0
43169 74 2
43259 74 0
43379 74 2
43454 74 0
43559 74 2
43649 74 0
43755 74 2
43830 74 0
43920 74 2
43980 74 0
44070 74 2
44130 49 0
44235 49 2
44355 70 0
44460 70 2
44550 74 0
46246 87 0
46306 74 2
46426 73 0
46516 74 0
46591 73 2
46636 74 2
46681 87 2
46726 74 0
46816 74 2
46906 74 0
46997 74 2
47072 74 0
47177 74 2
47267 74 0
47372 74 2
47432 74 0
47523 74 2
47598 74 0
47688 74 2
47748 74 0
47838 74 2
47913 74 0
48003 74 2
48078 74 0
48168 74 2
48243 74 0
48333 74 2
48408 74 0
48498 74 2
48573 74 0
48664 74 2
48739 74 0
48829 74 2
48904 74 0
48979 74 2
49054 74 0
49129 74 2
49189 74 0
49264 74 2
49339 74 0
49414 74 2
49474 74 0
49549 74 2
49609 74 0
49684 74 2
49744 74 0
49819 74 2
49895 74 0
49940 74 2
50030 74 0
50090 74 2
50180 74 0
50240 74 2
50330 74 0
50390 74 2
50480 85 0
50570 85 2
50720 74 0
52161 74 2
54787 73 0
54877 73 2
55057 74 0
55132 74 2
55222 74 0
55297 74 2
55387 74 0
55477 74 2
55552 74 0
55627 74 2
55717 74 0
55793 74 2
55868 74 0
55928 74 2
56018 74 0
56078 74 2
56138 74 0
56228 74 2
56288 74 0
56348 74 2
65776 1 0
65956 1 2
67246 -786 -503
67261 -775 -521
67276 -765 -538
67291 -757 -554
67306 -752 -571
67321 -746 -589
67336 -735 -608
67351 -726 -630
67366 -717 -647
67381 -707 -660
67396 -698 -676
67411 -690 -689
67426 -684 -698
67441 -682 -702
67456 -679 -707
67471 -676 -710
67486 -674 -714
67501 -670 -718
67516 -666 -721
67531 -665 -723
67576 -662 -726
67591 -660 -731
67606 -655 -741
67621 -652 -749
67636 -651 -751
67681 1 0
67756 1 2
67831 -654 -750
67846 -658 -749
67861 -665 -744
67876 -676 -738
67891 -688 -732
67906 -701 -727
67921 -706 -726
67936 -718 -724
67952 -723 -723
67966 -726 -722
67981 -730 -720
67996 -734 -719
68011 -738 -717
68027 -740 -716
68057 -742 -714
68087 -744 -714
68102 -746 -712
68117 -750 -709
68132 -755 -706
68147 -762 -698
68162 -767 -691
68177 -775 -683
68192 -780 -678
68207 -781 -674
68252 1 0
68342 1 2
68822 -794 -680
68837 -819 -687
68852 -867 -696
68867 -931 -706
68882 -998 -712
68897 -1030 -718
68912 -1074 -729
68927 -1101 -738
68942 -1117 -744
68957 -1131 -750
68972 -1148 -761
68987 -1170 -774
69002 -1196 -789
69017 -1202 -794
69032 -1214 -804
69047 -1230 -816
69062 -1246 -827
69077 -1263 -834
69092 -1274 -836
69182 -1278 -834
69197 -1282 -830
69213 -1287 -823
69228 -1290 -818
69243 -1290 -813
69258 -1291 -811
69288 1 0
69393 1 2
69858 50 0
70023 50 2
