0 -692 -340
60 50 0
136 50 2
3215 27 0
3230 27 2
3245 27 0
3260 27 2
3275 27 0
3290 27 2
3305 27 0
3320 27 2
3335 27 0
3350 27 2
3365 27 0
3380 27 2
3395 27 0
3410 27 2
3425 27 0
3440 27 2
3455 27 0
3470 27 2
3485 27 0
3500 27 2
3515 27 0
3530 27 2
3545 27 0
3560 27 2
3575 27 0
3591 27 2
3606 27 0
3621 27 2
3636 27 0
3651 27 2
3666 27 0
3681 27 2
3696 27 0
3711 27 2
3726 27 0
3741 27 2
3756 27 0
3771 27 2
3786 27 0
3801 27 2
3816 27 0
3831 27 2
3846 27 0
3862 27 2
3877 27 0
3893 27 2
3908 27 0
3923 27 2
3938 27 0
3953 27 2
3969 27 0
3983 27 2
3998 27 0
4013 27 2
4028 27 0
4043 27 2
4058 27 0
4073 27 2
4088 27 0
4103 27 2
4118 27 0
4133 27 2
4148 27 0
4164 27 2
4178 27 0
4193 27 2
4209 27 0
4224 27 2
4239 27 0
4254 27 2
4269 27 0
4284 27 2
4299 27 0
4314 27 2
4329 27 0
4345 27 2
4360 27 0
4375 27 2
4390 27 0
4405 27 2
4420 27 0
4435 27 2
4450 27 0
4466 27 2
4481 27 0
4496 27 2
4511 27 0
4526 27 2
4541 27 0
4557 27 2
4572 27 0
4588 27 2
4603 27 0
4618 27 2
4633 27 0
4649 27 2
4664 27 0
4679 27 2
4694 27 0
4708 27 2
4723 27 0
4738 27 2
4753 27 0
4768 27 2
4783 27 0
4798 27 2
4814 27 0
4829 27 2
4844 27 0
4858 27 2
4873 27 0
4889 27 2
4904 27 0
4919 27 2
4934 27 0
4948 27 2
4963 27 0
4978 27 2
4993 27 0
5008 27 2
5023 27 0
5038 27 2
5053 27 0
5068 27 2
5083 27 0
5098 27 2
5113 27 0
5128 27 2
5144 27 0
5159 27 2
5174 27 0
5189 27 2
5205 27 0
5220 27 2
5235 27 0
5249 27 2
5264 27 0
5280 27 2
5295 27 0
5310 27 2
5325 27 0
5340 27 2
5355 27 0
5370 27 2
5385 27 0
5399 27 2
5987 192 0
6107 192 2
7829 87 0
7844 65 0
8208 85 0
8284 85 2
8360 79 0
8420 87 2
8435 65 2
8435 79 2
8495 79 0
8555 79 2
8646 74 0
8706 74 2
8796 74 0
8856 74 2
8931 74 0
8993 74 2
9069 74 0
9130 74 2
9205 74 0
9279 74 2
9356 74 0
9416 74 2
9506 74 0
9581 74 2
9671 74 0
9747 74 2
9898 74 0
9959 74 2
10064 74 0
10124 74 2
10230 74 0
10290 74 2
10380 74 0
10441 74 2
10517 74 0
10578 74 2
10652 74 0
10773 74 2
11044 68 0
11166 73 0
11211 74 0
11272 73 2
11347 68 2
12899 74 2
14436 49 0
14557 49 2
14752 85 0
14828 85 2
14933 85 0
14948 85 2
15189 74 0
15250 74 2
15341 74 0
15401 74 2
15476 74 0
15551 74 2
15626 74 0
15686 74 2
15763 74 0
15838 74 2
15898 74 0
15973 74 2
16032 74 0
16093 74 2
16168 74 0
16228 74 2
16288 74 0
17421 74 2
17723 49 0
17874 49 2
18614 74 0
20033 74 2
20742 74 0
21631 74 2
21707 85 0
21827 85 2
22608 74 0
23418 74 2
23598 79 0
23673 79 2
23763 79 0
23838 79 2
23913 79 0
24018 79 2
27216 73 0
27321 73 2
27427 74 0
27547 74 2
27607 74 0
27712 74 2
27802 74 0
27877 74 2
27967 74 0
28042 74 2
28132 74 0
28207 74 2
28282 74 0
28357 74 2
28417 74 0
28492 74 2
28552 74 0
30386 74 2
30461 74 0
30536 74 2
30627 74 0
30702 74 2
30762 74 0
30854 74 2
30914 74 0
30988 74 2
31049 74 0
31109 74 2
31200 74 0
32890 74 2
32965 74 0
33055 74 2
33116 74 0
33221 74 2
33282 74 0
33372 74 2
33447 74 0
33551 74 2
33611 74 0
33717 74 2
33792 74 0
33882 74 2
33927 49 0
34032 49 2
34258 85 0
34334 85 2
34423 79 0
34484 79 2
34559 79 0
34604 79 2
34727 74 0
34787 74 2
34877 74 0
34937 74 2
35028 74 0
35088 74 2
35179 74 0
35240 74 2
35316 74 0
35391 74 2
35466 74 0
35541 74 2
35932 68 0
35993 73 0
36038 74 0
36069 68 2
36083 73 2
37592 74 2
37801 74 0
37846 79 0
38239 74 2
38254 79 2
39791 74 0
39883 74 2
40712 49 0
40787 49 2
40892 79 0
40982 79 2
43052 85 0
43128 85 2
43233 85 0
43279 85 2
43383 85 0
43428 85 2
43519 85 0
43579 85 2
43640 85 0
43700 85 2
44047 74 0
44138 74 2
44243 74 0
44333 74 2
44423 74 0
44512 74 2
44587 74 0
44663 74 2
44738 74 0
44830 74 2
44905 74 0
44995 74 2
45071 74 0
45146 74 2
45207 74 0
45297 74 2
45388 49 0
45493 49 2
45720 70 0
45810 70 2
45916 74 0
47736 74 2
47855 73 0
47916 74 0
47990 73 2
48035 74 2
48141 74 0
48231 74 2
48321 74 0
48425 74 2
48501 74 0
48592 74 2
48682 74 0
48757 74 2
48862 74 0
48939 74 2
49029 74 0
49105 74 2
49195 74 0
49271 74 2
49362 74 0
49439 74 2
49529 74 0
49603 74 2
49694 74 0
49754 74 2
49844 74 0
49919 74 2
49994 74 0
50070 74 2
50160 74 0
50220 74 2
50297 74 0
50386 74 2
50462 74 0
50522 74 2
50598 74 0
50672 74 2
50762 74 0
50823 74 2
50929 74 0
51004 74 2
51094 74 0
51170 74 2
51291 74 0
51382 74 2
51473 74 0
51564 74 2
51684 85 0
51789 85 2
51970 74 0
53976 74 2
54083 73 0
54144 74 0
54205 73 2
54251 74 2
54326 74 0
54401 74 2
54492 74 0
54582 74 2
54673 74 0
54763 74 2
54854 74 0
54929 74 2
55019 74 0
55110 74 2
55201 74 0
55290 74 2
55381 74 0
55473 74 2
55563 74 0
55652 74 2
55743 74 0
55833 74 2
55924 74 0
56014 74 2
56104 74 0
56209 74 2
69659 1 0
69857 1 2
71210 -692 -342
71225 -687 -368
71240 -664 -432
71255 -638 -504
71270 -617 -566
71285 -604 -606
71300 -595 -638
71315 -591 -661
71330 -586 -690
71345 -582 -714
71360 -579 -724
71376 -577 -731
71391 -576 -736
71406 -575 -738
71421 -574 -741
71451 -573 -743
71466 -572 -746
71542 1 0
71633 1 2
71723 -579 -739
71738 -588 -732
71753 -598 -725
71768 -610 -714
71783 -622 -707
71799 -633 -701
71815 -640 -697
71830 -645 -695
71861 -650 -692
71875 -656 -689
71890 -658 -689
71905 -663 -687
71920 -666 -686
71935 -668 -686
71950 -670 -685
71965 -675 -682
71981 -680 -681
72011 1 0
72086 1 2
72132 -682 -681
72147 -694 -681
72162 -719 -681
72177 -746 -682
72192 -765 -682
72208 -780 -685
72223 -790 -686
72238 -802 -686
72253 -815 -689
72269 -835 -694
72284 -866 -702
72299 -891 -708
72314 -933 -720
72329 -998 -736
72343 -1063 -750
72358 -1107 -762
72373 -1134 -771
72388 -1150 -775
72403 -1155 -778
72449 -1157 -778
72464 -1162 -779
72479 -1168 -782
72494 -1174 -784
72509 -1182 -787
72524 -1187 -788
72598 1 0
72719 1 2
73142 50 0
73233 50 2
