0 -1369 -796
64 1 0
189 1 2
4005 27 0
4021 27 2
4037 27 0
4052 27 2
4068 27 0
4084 27 2
4100 27 0
4115 27 2
4131 27 0
4147 27 2
4162 27 0
4178 27 2
4193 27 0
4209 27 2
4225 27 0
4241 27 2
4257 27 0
4273 27 2
4289 27 0
4305 27 2
4321 27 0
4336 27 2
4352 27 0
4368 27 2
4384 27 0
4400 27 2
4416 27 0
4431 27 2
4447 27 0
4462 27 2
4478 27 0
4494 27 2
4510 27 0
4525 27 2
4541 27 0
4557 27 2
4573 27 0
4589 27 2
4605 27 0
4620 27 2
4636 27 0
4652 27 2
4668 27 0
4683 27 2
4699 27 0
4715 27 2
4730 27 0
4746 27 2
4762 27 0
4778 27 2
4794 27 0
4810 27 2
4826 27 0
4842 27 2
4858 27 0
4874 27 2
4889 27 0
4905 27 2
4921 27 0
4937 27 2
4953 27 0
4969 27 2
4985 27 0
5001 27 2
5017 27 0
5033 27 2
5049 27 0
5065 27 2
5080 27 0
5095 27 2
5110 27 0
5125 27 2
5141 27 0
5157 27 2
5173 27 0
5188 27 2
5204 27 0
5220 27 2
5236 27 0
5252 27 2
5267 27 0
5283 27 2
5299 27 0
5314 27 2
5330 27 0
5345 27 2
5361 27 0
5376 27 2
5392 27 0
5408 27 2
5424 27 0
5439 27 2
5455 27 0
5471 27 2
5487 27 0
5503 27 2
5518 27 0
5534 27 2
5550 27 0
5566 27 2
5581 27 0
5596 27 2
5613 27 0
5628 27 2
5644 27 0
5660 27 2
5676 27 0
5692 27 2
5708 27 0
5724 27 2
5740 27 0
5756 27 2
5772 27 0
5788 27 2
5804 27 0
5819 27 2
5835 27 0
5851 27 2
5867 27 0
5882 27 2
5897 27 0
5912 27 2
5928 27 0
5944 27 2
5960 27 0
5976 27 2
5992 27 0
6007 27 2
7116 192 0
7255 192 2
9535 49 0
9661 49 2
9929 87 0
10102 100 0
10196 100 2
10340 97 0
10356 87 2
11394 70 0
11553 70 2
12221 97 2
12810 102 0
12935 102 2
13214 97 0
14390 67 0
14501 67 2
15545 97 2
15863 102 0
15959 102 2
16134 101 0
16150 68 0
16196 97 0
16228 101 2
16323 68 2
17329 97 2
18847 49 0
18974 49 2
19777 97 0
20947 97 2
21455 102 0
22612 102 2
22880 70 0
23023 70 2
24870 49 0
24996 49 2
26529 102 0
26672 102 2
29487 100 0
29645 100 2
31554 49 0
31727 49 2
32281 97 0
32753 100 0
32910 100 2
33570 97 2
33710 102 0
35571 102 2
39636 70 0
39746 70 2
40263 102 0
40389 102 2
41449 97 0
45932 97 2
46170 101 0
46281 101 2
46345 97 0
51284 97 2
51506 102 0
51633 102 2
52758 49 0
52901 49 2
53741 97 0
55072 70 0
55183 70 2
55390 97 2
55595 102 0
56617 102 2
58697 49 0
58899 49 2
60670 102 0
60861 102 2
63922 100 0
64125 100 2
65747 49 0
65923 49 2
66317 97 0
66882 100 0
67105 100 2
67262 70 0
67387 70 2
68086 97 2
68212 102 0
69580 102 2
74229 102 0
74371 102 2
75292 97 0
75654 67 0
75782 67 2
80178 97 2
80225 97 0
84768 70 0
84876 70 2
85126 97 2
85189 97 0
85298 97 2
85565 102 0
85721 102 2
86785 49 0
86896 49 2
87688 97 0
89004 97 2
89273 102 0
90524 102 2
92498 49 0
92672 49 2
94472 102 0
94568 102 2
95951 70 0
96079 70 2
97334 100 0
97462 100 2
99573 49 0
99781 49 2
100225 97 0
100479 100 0
100636 100 2
102263 97 2
102917 102 0
104525 102 2
109151 102 0
109310 102 2
110279 97 0
115225 97 2
124114 1 0
124254 1 2
125614 50 0
125816 50 2
126805 -1358 -796
126820 -1329 -794
126836 -1309 -790
126851 -1274 -786
126867 -1226 -778
126882 -1175 -773
126898 -1141 -771
126914 -1126 -771
126929 -1124 -771
126961 1 0
127101 1 2
127271 -1122 -773
127287 -1118 -774
127303 -1110 -776
127318 -1100 -781
127334 -1089 -785
127350 -1074 -789
127366 -1060 -794
127382 -1042 -797
127398 -1030 -800
127414 -1015 -802
127429 -1002 -805
127444 -990 -805
127459 -981 -806
127475 -970 -806
127490 -958 -808
127506 -950 -809
127521 -939 -809
127537 -928 -810
127553 -921 -810
127569 -918 -810
127584 -916 -810
127631 1 0
127756 1 2
127864 -915 -804
127879 -914 -796
127895 -912 -781
127911 -910 -766
127926 -910 -747
127942 -910 -735
127957 -910 -721
127973 -910 -713
127989 -910 -695
128004 -914 -670
128020 -916 -653
128036 -926 -619
128053 -931 -605
128069 -933 -598
128085 -933 -594
128147 -934 -596
128162 -939 -622
128178 -940 -654
128193 -938 -666
128208 -933 -681
128224 -927 -696
128240 -919 -712
128256 -910 -729
128271 -902 -740
128286 -894 -750
128302 -887 -758
128318 -879 -766
128334 -872 -774
128350 -864 -782
128366 -857 -786
128381 -850 -792
128397 -842 -798
128412 -831 -807
128429 -825 -813
128444 -820 -816
128459 -819 -818
128490 1 0
128602 1 2
128759 -819 -816
128775 -820 -810
128790 -821 -801
128806 -823 -780
128822 -826 -754
128837 -835 -705
128852 -840 -690
128867 -855 -631
128883 -863 -610
128898 -873 -591
128914 -878 -581
128929 -891 -562
128944 -902 -546
128959 -912 -532
128975 -922 -521
128991 -930 -510
129006 -938 -502
129021 -947 -491
129037 -961 -479
129052 -971 -468
129068 -976 -462
129083 -983 -454
129098 -990 -448
129114 -995 -443
129130 -1001 -440
129146 -1009 -435
129161 -1018 -430
129177 -1027 -428
129192 -1034 -425
129208 -1042 -424
129224 -1049 -422
129240 -1054 -421
129256 -1058 -419
129271 -1062 -418
129286 -1066 -416
129301 -1070 -415
129316 -1074 -414
129331 -1077 -414
129363 -1080 -413
129378 -1082 -412
129393 -1087 -412
129409 -1094 -412
129424 -1100 -412
129440 -1106 -412
129456 -1110 -413
129472 -1115 -413
129487 -1119 -414
129503 -1122 -414
129518 -1126 -415
129533 -1129 -415
129549 -1133 -416
129564 -1135 -416
129579 -1139 -417
129595 -1143 -418
129610 -1150 -418
129625 -1160 -421
129641 -1171 -421
129657 -1185 -422
129672 -1197 -426
129687 -1208 -426
129703 -1223 -427
129719 -1238 -428
129734 -1255 -428
129750 -1265 -428
129766 -1278 -429
129782 -1288 -429
129798 -1297 -429
129814 -1305 -430
129829 -1309 -430
129907 -1298 -430
129923 -1276 -432
129939 -1255 -432
129955 -1213 -433
129971 -1182 -433
129986 -1162 -433
130002 -1148 -431
130017 -1140 -430
130033 -1136 -428
130048 -1133 -427
130065 -1129 -426
130080 -1126 -426
130096 -1122 -424
130127 -1118 -423
130143 -1111 -422
130159 -1105 -421
130175 -1102 -420
130205 1 0
130360 1 2
