0 -1230 -822
63 1 0
191 1 2
4010 27 0
4026 27 2
4042 27 0
4058 27 2
4074 27 0
4090 27 2
4106 27 0
4122 27 2
4138 27 0
4154 27 2
4170 27 0
4186 27 2
4202 27 0
4218 27 2
4234 27 0
4250 27 2
4266 27 0
4282 27 2
4298 27 0
4314 27 2
4330 27 0
4346 27 2
4362 27 0
4378 27 2
4394 27 0
4410 27 2
4426 27 0
4442 27 2
4458 27 0
4474 27 2
4490 27 0
4506 27 2
4522 27 0
4538 27 2
4554 27 0
4570 27 2
4586 27 0
4602 27 2
4618 27 0
4634 27 2
4650 27 0
4665 27 2
4681 27 0
4697 27 2
4713 27 0
4729 27 2
4745 27 0
4760 27 2
4776 27 0
4792 27 2
4808 27 0
4824 27 2
4840 27 0
4856 27 2
4872 27 0
4888 27 2
4903 27 0
4919 27 2
4935 27 0
4951 27 2
4967 27 0
4983 27 2
4999 27 0
5015 27 2
5031 27 0
5046 27 2
5062 27 0
5078 27 2
5094 27 0
5110 27 2
5125 27 0
5140 27 2
5156 27 0
5172 27 2
5188 27 0
5204 27 2
5220 27 0
5236 27 2
5252 27 0
5267 27 2
5283 27 0
5299 27 2
5315 27 0
5331 27 2
5347 27 0
5363 27 2
5378 27 0
5394 27 2
5409 27 0
5425 27 2
5441 27 0
5457 27 2
5473 27 0
5488 27 2
5503 27 0
5519 27 2
5535 27 0
5551 27 2
5566 27 0
5582 27 2
5597 27 0
5613 27 2
5629 27 0
5645 27 2
5661 27 0
5677 27 2
5693 27 0
5709 27 2
5724 27 0
5740 27 2
5756 27 0
5772 27 2
5787 27 0
5803 27 2
5818 27 0
5834 27 2
5850 27 0
5865 27 2
5881 27 0
5896 27 2
5912 27 0
5927 27 2
5943 27 0
5959 27 2
5974 27 0
5990 27 2
7290 192 0
7400 192 2
9656 49 0
9815 49 2
10211 87 0
10353 65 0
10818 65 2
10834 100 0
10913 100 2
10929 87 2
10991 97 0
11086 70 0
11166 70 2
12446 97 2
13497 102 0
13607 102 2
13894 97 0
15785 97 2
16403 102 0
16530 102 2
16783 83 0
16815 68 0
16863 101 0
16911 97 0
16975 101 2
17085 68 2
17085 83 2
18213 97 2
19547 49 0
19690 49 2
20446 97 0
21636 97 2
22190 102 0
22746 70 0
22888 70 2
23476 102 2
25568 49 0
25726 49 2
27342 102 0
27452 102 2
28068 67 0
28164 67 2
30177 100 0
30368 100 2
32420 49 0
32593 49 2
33208 97 0
33811 100 0
33970 100 2
34863 97 2
34956 70 0
35079 70 2
35360 102 0
36323 102 2
41006 102 0
41118 102 2
42052 97 0
46611 97 2
46739 97 0
51294 97 2
51610 102 0
51721 102 2
52347 70 0
52439 70 2
52534 97 0
57445 97 2
57759 49 0
57871 49 2
58682 97 0
60051 97 2
60448 102 0
61393 102 2
63574 49 0
63763 49 2
64571 70 0
64667 70 2
65732 102 0
65937 102 2
68651 100 0
68888 100 2
70696 49 0
70856 49 2
71268 97 0
71428 100 0
71586 100 2
72396 97 2
72554 102 0
74517 102 2
79248 101 0
79375 101 2
79567 102 0
79946 102 2
80342 102 0
80405 102 2
81248 97 0
81503 70 0
81615 70 2
87618 97 2
96211 1 0
96320 1 2
97838 50 0
97963 50 2
98941 -1216 -823
98956 -1194 -823
98972 -1170 -823
98987 -1143 -822
99002 -1121 -822
99018 -1103 -822
99034 -1090 -822
99080 1 0
99189 1 2
99361 -1088 -822
99377 -1086 -821
99393 -1082 -820
99409 -1076 -819
99425 -1074 -818
99441 -1066 -818
99457 -1057 -817
99473 -1046 -816
99488 -1030 -814
99503 -1023 -814
99518 -1010 -814
99534 -990 -814
99550 -971 -814
99565 -952 -814
99581 -930 -814
99597 -910 -814
99612 -894 -814
99627 -878 -813
99644 -868 -813
99660 -864 -813
99676 -862 -813
99770 1 0
99879 1 2
100145 -865 -806
100161 -871 -795
100176 -880 -780
100192 -896 -752
100208 -930 -710
100224 -975 -657
100240 -1016 -600
100256 -1046 -551
100271 -1065 -519
100287 -1077 -499
100302 -1088 -478
100317 -1098 -461
100333 -1105 -448
100349 -1108 -438
100365 -1111 -429
100381 -1112 -424
100397 -1113 -422
100413 -1113 -420
100460 -1113 -418
100476 -1111 -417
100492 -1107 -415
100507 -1102 -414
100523 -1098 -411
100539 -1094 -410
100555 -1090 -409
100571 -1088 -409
100603 1 0
100712 1 2
