0 -791 -526
3053 27 0
3129 27 2
3188 27 0
3278 27 2
3339 27 0
3384 27 2
3474 27 0
3550 27 2
3610 27 0
3671 27 2
3761 27 0
3806 27 2
3896 27 0
3941 27 2
4016 27 0
4076 27 2
4151 27 0
4211 27 2
4286 27 0
4346 27 2
4406 27 0
4466 27 2
4541 27 0
4586 27 2
4676 27 0
4736 27 2
4826 27 0
4886 27 2
4976 27 0
5021 27 2
5096 27 0
5156 27 2
5232 27 0
5292 27 2
5382 27 0
5442 27 2
5502 27 0
5562 27 2
8050 192 0
8125 192 2
8472 69 0
8547 69 2
9302 81 0
9377 81 2
9467 74 0
10946 74 2
11458 49 0
11534 49 2
11623 49 0
11684 49 2
11775 49 0
11835 49 2
11910 49 0
11971 49 2
12046 49 0
12091 49 2
12152 49 0
12212 49 2
12468 85 0
12543 85 2
12648 79 0
12693 79 2
12754 79 0
12814 79 2
12874 74 0
12950 74 2
13026 74 0
13086 74 2
13176 74 0
13222 74 2
13297 74 0
13373 74 2
13433 74 0
13493 74 2
13568 74 0
13658 74 2
13943 68 0
14018 73 0
14078 74 0
14094 68 2
14109 73 2
15167 74 2
15439 74 0
15515 74 2
15591 74 0
15667 74 2
15742 74 0
15817 74 2
15908 74 0
15983 74 2
16074 74 0
16134 74 2
16224 74 0
16300 74 2
16391 74 0
16452 74 2
16543 74 0
16603 74 2
16663 74 0
18032 74 2
18483 79 0
18543 79 2
18619 79 0
18679 79 2
18919 74 0
18995 74 2
19087 74 0
19147 74 2
19237 74 0
19298 74 2
19388 74 0
19448 74 2
19538 74 0
19583 74 2
19643 74 0
19763 74 2
20005 65 0
20080 73 0
20126 74 0
20171 73 2
20216 65 2
21284 74 2
21585 74 0
21675 74 2
21766 74 0
21827 74 2
21933 74 0
22008 74 2
22098 74 0
22174 74 2
22280 74 0
22355 74 2
22460 74 0
22536 74 2
22626 74 0
22703 74 2
22808 74 0
22884 74 2
22976 74 0
23066 74 2
23156 74 0
23233 74 2
23324 74 0
23385 74 2
23490 74 0
23550 74 2
23626 74 0
23686 74 2
23746 74 0
25105 74 2
25604 49 0
25679 49 2
25740 85 0
25800 85 2
25890 85 0
25935 85 2
26010 85 0
26070 85 2
26146 85 0
26161 85 2
26551 49 0
26611 49 2
26686 49 0
26761 49 2
27047 74 0
27986 74 2
28349 70 0
28423 70 2
28454 85 0
28528 85 2
28619 85 0
28694 85 2
28799 85 0
28859 85 2
28935 85 0
28995 85 2
29070 85 0
29130 85 2
29341 74 0
29446 74 2
29536 74 0
29596 74 2
29686 74 0
29761 74 2
29866 74 0
29941 74 2
30046 74 0
30121 74 2
30211 74 0
30286 74 2
30361 74 0
30436 74 2
30511 74 0
30586 74 2
30661 74 0
30736 74 2
30811 74 0
30886 74 2
30916 74 0
32043 74 2
32148 74 0
32254 74 2
32329 74 0
32389 65 0
32419 74 2
32569 73 0
32645 74 0
32705 73 2
32765 74 2
32855 74 0
32930 65 2
32976 74 2
33081 74 0
33201 74 2
33306 74 0
33427 74 2
33517 74 0
33652 74 2
33743 74 0
33848 74 2
33953 74 0
34058 74 2
34149 74 0
34239 74 2
34344 74 0
34449 74 2
34554 74 0
34659 74 2
34749 74 0
34839 74 2
34944 74 0
35049 74 2
35154 74 0
35229 74 2
35335 74 0
35410 74 2
35515 74 0
35605 74 2
35711 74 0
35816 74 2
35921 74 0
36011 74 2
36101 74 0
36191 74 2
36296 74 0
36356 74 2
36461 74 0
36536 74 2
36627 74 0
36687 74 2
36777 74 0
36836 74 2
36926 74 0
36986 74 2
37061 74 0
38217 74 2
38307 74 0
38427 74 2
38502 74 0
38592 74 2
38682 74 0
38787 74 2
38892 74 0
38982 74 2
39087 74 0
39162 74 2
39282 74 0
39372 74 2
39462 74 0
39537 74 2
39642 74 0
39732 74 2
39837 74 0
39912 74 2
40017 74 0
40077 74 2
40167 74 0
40227 74 2
40332 74 0
40377 74 2
40452 74 0
40543 74 2
40843 49 0
40918 49 2
41068 79 0
41114 79 2
41204 79 0
41264 79 2
41429 85 0
41504 85 2
41564 74 0
41639 74 2
41714 74 0
41774 74 2
41879 74 0
41939 74 2
42029 74 0
42089 74 2
42180 74 0
42241 74 2
42331 74 0
42420 74 2
42766 65 0
42766 83 0
42796 73 0
42856 74 0
42901 73 2
42962 65 2
42962 83 2
43893 74 2
44360 74 0
44420 79 0
44780 74 2
44810 79 2
47113 49 0
47203 49 2
47248 85 0
47308 85 2
47398 85 0
47443 85 2
47503 85 0
47578 85 2
48164 49 0
48314 49 2
48706 74 0
49380 74 2
49680 79 0
50419 79 2
55840 74 0
56562 74 2
56788 85 0
56878 85 2
56968 85 0
57028 85 2
57103 85 0
57163 85 2
57238 85 0
57298 85 2
57645 74 0
57705 74 2
57810 74 0
57887 74 2
57977 74 0
58067 74 2
58172 74 0
58247 74 2
58353 74 0
58428 74 2
58533 74 0
58593 74 2
58683 74 0
58758 74 2
58833 74 0
58908 74 2
58983 74 0
59043 74 2
59103 74 0
60303 74 2
60753 73 0
60828 74 0
60858 73 2
60963 74 2
61053 74 0
61158 74 2
61248 74 0
61353 74 2
61443 74 0
61548 74 2
61638 74 0
61728 74 2
61848 74 0
61938 74 2
62028 74 0
62104 74 2
62209 74 0
62299 74 2
62404 74 0
62479 74 2
62585 74 0
62660 74 2
62780 74 0
62855 74 2
62975 74 0
63065 74 2
63170 74 0
63245 74 2
63365 74 0
63440 74 2
63560 74 0
63650 74 2
63755 74 0
63860 74 2
63981 74 0
64071 74 2
64177 74 0
64252 74 2
64372 74 0
64462 74 2
64552 74 0
64627 74 2
64747 74 0
64807 74 2
64912 74 0
64973 74 2
65063 74 0
65906 74 2
