0 -671 -413
105 50 0
212 50 2
4012 27 0
4027 27 2
4042 27 0
4057 27 2
4072 27 0
4088 27 2
4103 27 0
4118 27 2
4133 27 0
4148 27 2
4163 27 0
4178 27 2
4193 27 0
4208 27 2
4223 27 0
4238 27 2
4253 27 0
4268 27 2
4283 27 0
4298 27 2
4313 27 0
4328 27 2
4343 27 0
4358 27 2
4373 27 0
4388 27 2
4403 27 0
4418 27 2
4433 27 0
4448 27 2
4463 27 0
4478 27 2
4493 27 0
4508 27 2
4523 27 0
4538 27 2
4554 27 0
4569 27 2
4584 27 0
4599 27 2
4614 27 0
4629 27 2
4645 27 0
4660 27 2
4675 27 0
4690 27 2
4705 27 0
4720 27 2
4735 27 0
4750 27 2
4765 27 0
4780 27 2
4795 27 0
4810 27 2
4825 27 0
4840 27 2
4855 27 0
4870 27 2
4886 27 0
4901 27 2
4916 27 0
4931 27 2
4946 27 0
4961 27 2
4977 27 0
4992 27 2
5007 27 0
5021 27 2
5037 27 0
5052 27 2
5067 27 0
5082 27 2
5097 27 0
5112 27 2
5128 27 0
5143 27 2
5158 27 0
5173 27 2
5188 27 0
5203 27 2
5218 27 0
5233 27 2
5248 27 0
5263 27 2
5278 27 0
5293 27 2
5308 27 0
5323 27 2
5339 27 0
5354 27 2
5369 27 0
5384 27 2
5399 27 0
5414 27 2
5429 27 0
5444 27 2
5459 27 0
5474 27 2
5490 27 0
5504 27 2
6939 192 0
7046 192 2
8085 74 0
9638 74 2
10225 49 0
10300 49 2
10420 49 0
10481 49 2
10571 49 0
10631 49 2
10720 49 0
10781 49 2
10871 49 0
10916 49 2
11007 49 0
11052 49 2
11143 49 0
11173 49 2
11338 85 0
11413 85 2
11503 79 0
11564 79 2
11624 79 0
11685 79 2
11745 74 0
11805 74 2
11896 74 0
11957 74 2
12047 74 0
12093 74 2
12183 74 0
12243 74 2
12318 74 0
12393 74 2
12469 74 0
12530 74 2
12606 74 0
12727 74 2
12968 65 0
13029 73 0
13105 74 0
13150 73 2
13165 65 2
13361 83 0
14041 65 0
14178 74 2
14435 83 2
14465 65 2
14480 74 0
14555 74 2
14661 74 0
14720 69 0
14735 74 2
14825 74 0
14915 74 2
14975 69 2
15020 74 0
15095 74 2
15170 74 0
15245 74 2
15350 74 0
15410 74 2
15515 74 0
15575 74 2
15665 74 0
15741 74 2
15831 74 0
15907 74 2
15997 74 0
16073 74 2
16165 74 0
16240 74 2
16315 74 0
16375 74 2
16465 74 0
16525 74 2
16600 74 0
16646 74 2
16721 74 0
17927 74 2
18287 49 0
18378 49 2
18453 85 0
18514 85 2
18589 85 0
18649 85 2
18709 85 0
18784 85 2
19247 49 0
19339 49 2
19429 49 0
19505 49 2
20016 74 0
20740 70 0
20755 74 2
20845 70 2
21117 85 0
21207 85 2
21297 85 0
21373 85 2
21449 85 0
21524 85 2
21599 85 0
21660 85 2
22051 74 0
22141 74 2
22246 74 0
22321 74 2
22427 74 0
22502 74 2
22607 74 0
22697 74 2
22804 74 0
22894 74 2
22969 74 0
23074 74 2
23164 74 0
23239 74 2
23329 74 0
23390 74 2
23465 74 0
23525 74 2
23600 74 0
23645 74 2
23720 74 0
24815 74 2
24921 74 0
25012 74 2
25088 74 0
25178 74 2
25268 74 0
25373 74 2
25478 74 0
25554 74 2
25660 74 0
25750 74 2
25856 74 0
25961 74 2
26067 74 0
26172 74 2
26277 74 0
26397 74 2
26502 74 0
26592 74 2
26698 74 0
26833 74 2
26923 74 0
27044 74 2
27164 74 0
27268 74 2
27389 74 0
27419 83 0
27510 74 2
27630 74 0
27735 74 2
27826 74 0
27947 74 2
28053 74 0
28158 74 2
28263 74 0
28263 83 2
28354 74 2
28474 74 0
28549 74 2
28654 74 0
28729 74 2
28819 74 0
28924 74 2
29029 74 0
29150 74 2
29241 74 0
29331 74 2
29407 74 0
30418 74 2
30523 74 0
30643 74 2
30718 74 0
30840 74 2
30929 74 0
31035 74 2
31140 74 0
31245 74 2
31335 74 0
31425 74 2
31530 74 0
31636 74 2
31726 74 0
31832 74 2
31938 74 0
32028 74 2
32134 74 0
32209 74 2
32284 74 0
32375 74 2
32451 74 0
32526 74 2
32602 74 0
32723 74 2
32963 49 0
33053 49 2
33308 79 0
33384 79 2
33459 79 0
33504 79 2
33699 74 0
33775 74 2
33880 74 0
33955 74 2
34045 74 0
34121 74 2
34227 74 0
34302 74 2
34378 74 0
34468 74 2
34573 74 0
34663 74 2
34770 74 0
34845 74 2
34951 74 0
35026 74 2
35131 74 0
35206 74 2
35311 74 0
35387 74 2
35477 74 0
35537 74 2
35613 74 0
35733 74 2
36004 83 0
36019 65 0
36170 73 0
36260 74 0
36321 73 2
36471 65 2
36486 83 2
37890 74 2
38343 74 0
38418 79 0
38839 74 2
38869 79 2
41226 49 0
41302 49 2
41377 85 0
41437 85 2
41527 85 0
41572 85 2
41662 85 0
41722 85 2
42235 49 0
42325 49 2
42429 49 0
42505 49 2
42805 74 0
43586 74 2
43812 85 0
43887 85 2
43978 85 0
44053 85 2
44128 85 0
44219 85 2
44295 85 0
44355 85 2
44415 85 0
44506 85 2
44746 74 0
44838 74 2
44943 74 0
45033 74 2
45123 74 0
45213 74 2
45318 74 0
45393 74 2
45498 74 0
45588 74 2
45678 74 0
45754 74 2
45859 74 0
45919 74 2
46024 74 0
46085 74 2
46160 74 0
46220 74 2
46295 74 0
46355 74 2
46415 74 0
47676 74 2
47811 74 0
47886 74 2
47991 74 0
48096 74 2
48188 74 0
48293 74 2
48400 74 0
48505 74 2
48610 74 0
48730 74 2
48820 74 0
48940 74 2
49046 74 0
49136 74 2
49242 74 0
49348 74 2
49453 74 0
49573 74 2
49679 74 0
49799 74 2
49919 74 0
50040 74 2
50160 74 0
50295 74 2
50400 70 0
50415 74 0
50536 70 2
50551 74 2
50656 74 0
50761 74 2
50866 74 0
50971 74 2
51091 74 0
51197 74 2
51302 74 0
51423 74 2
51529 74 0
51618 74 2
51708 74 0
51768 74 2
51873 74 0
51962 74 2
52052 74 0
52158 74 2
52263 74 0
52368 74 2
52443 74 0
52533 74 2
52623 74 0
52683 74 2
52744 74 0
52804 74 2
52864 74 0
54115 74 2
54191 74 0
54402 74 2
54508 74 0
54628 74 2
54703 74 0
54809 74 2
54900 74 0
55020 74 2
55096 74 0
55216 74 2
55306 74 0
55426 74 2
55516 74 0
55637 74 2
55713 74 0
55834 74 2
55909 74 0
56029 74 2
56120 74 0
56241 74 2
56317 74 0
56437 74 2
56511 74 0
56586 74 2
56661 74 0
56827 74 2
57052 49 0
57158 49 2
57368 79 0
57443 79 2
57518 79 0
57594 79 2
57806 85 0
57911 85 2
58123 74 0
58199 74 2
58290 74 0
58365 74 2
58455 74 0
58531 74 2
58621 74 0
58757 68 0
58773 74 2
59013 87 0
59148 73 0
59193 74 0
59284 73 2
59812 87 2
59826 68 2
60881 74 2
61227 49 0
61317 49 2
61422 85 0
61482 85 2
61587 85 0
61647 85 2
61722 85 0
61797 85 2
62309 49 0
62384 49 2
62459 49 0
62535 49 2
62762 79 0
63773 79 2
68120 85 0
68226 85 2
68316 85 0
68376 85 2
68467 85 0
68528 85 2
68918 74 0
69143 74 2
69233 74 0
70197 74 2
70542 74 0
70632 74 2
70738 74 0
70829 74 2
70935 74 0
71041 74 2
71148 74 0
71269 74 2
71360 74 0
71481 74 2
71586 74 0
71661 74 2
71766 74 0
71871 74 2
71961 74 0
72067 74 2
72173 74 0
72278 74 2
72369 74 0
72459 74 2
72549 74 0
72625 74 2
72700 74 0
73529 74 2
