0 -1374 -780
135 50 0
226 50 2
3214 27 0
3229 27 2
3244 27 0
3259 27 2
3274 27 0
3289 27 2
3304 27 0
3319 27 2
3334 27 0
3349 27 2
3364 27 0
3379 27 2
3394 27 0
3409 27 2
3424 27 0
3439 27 2
3454 27 0
3469 27 2
3484 27 0
3499 27 2
3514 27 0
3529 27 2
3544 27 0
3559 27 2
3574 27 0
3589 27 2
3604 27 0
3619 27 2
3634 27 0
3649 27 2
3664 27 0
3679 27 2
3694 27 0
3709 27 2
3724 27 0
3739 27 2
3754 27 0
3769 27 2
3784 27 0
3800 27 2
3815 27 0
3830 27 2
3845 27 0
3860 27 2
3875 27 0
3890 27 2
3905 27 0
3920 27 2
3935 27 0
3950 27 2
3965 27 0
3980 27 2
3995 27 0
4010 27 2
4025 27 0
4040 27 2
4055 27 0
4070 27 2
4085 27 0
4100 27 2
4115 27 0
4130 27 2
4145 27 0
4160 27 2
4175 27 0
4190 27 2
4205 27 0
4220 27 2
4235 27 0
4250 27 2
4265 27 0
4280 27 2
4295 27 0
4310 27 2
4325 27 0
4340 27 2
4355 27 0
4370 27 2
4385 27 0
4400 27 2
4415 27 0
4430 27 2
4445 27 0
4460 27 2
4475 27 0
4490 27 2
4505 27 0
4520 27 2
4535 27 0
4550 27 2
4566 27 0
4581 27 2
4596 27 0
4611 27 2
4626 27 0
4641 27 2
4656 27 0
4671 27 2
4687 27 0
4702 27 2
4717 27 0
4732 27 2
4747 27 0
4763 27 2
4778 27 0
4793 27 2
4808 27 0
4823 27 2
4838 27 0
4854 27 2
4869 27 0
4884 27 2
4899 27 0
4914 27 2
4929 27 0
4944 27 2
4959 27 0
4974 27 2
4989 27 0
5004 27 2
5019 27 0
5034 27 2
5049 27 0
5065 27 2
5079 27 0
5095 27 2
5110 27 0
5125 27 2
5140 27 0
5155 27 2
5171 27 0
5185 27 2
5201 27 0
5216 27 2
5231 27 0
5246 27 2
5261 27 0
5276 27 2
5291 27 0
5306 27 2
5321 27 0
5336 27 2
5351 27 0
5366 27 2
5381 27 0
5396 27 2
6074 192 0
6195 192 2
7143 65 0
7173 87 0
7296 79 0
7387 79 2
7447 79 0
7537 79 2
7597 79 0
7688 79 2
7749 79 0
7825 79 2
7885 79 0
7960 79 2
8021 79 0
8066 79 2
8141 79 0
8201 79 2
8276 79 0
8321 79 2
8397 79 0
8458 79 2
8579 74 0
8655 74 2
8655 87 2
8670 65 2
8715 74 0
8790 74 2
8910 74 0
8971 74 2
9046 74 0
9121 74 2
9181 74 0
9287 74 2
9498 68 0
9573 73 0
9649 68 2
9649 74 0
9664 73 2
9785 85 0
9890 85 2
10794 74 2
11231 49 0
11321 49 2
11411 85 0
11472 85 2
11564 85 0
11624 85 2
12044 74 0
12120 74 2
12211 74 0
12271 74 2
12362 74 0
12423 74 2
12498 74 0
12558 74 2
12634 74 0
12693 74 2
12784 74 0
12845 74 2
12905 74 0
12981 74 2
13040 74 0
13100 74 2
13162 74 0
13238 74 2
13283 74 0
14368 74 2
14627 49 0
14717 49 2
15473 74 0
16994 74 2
17732 74 0
18649 74 2
18799 85 0
18935 85 2
19552 74 0
20500 74 2
20816 79 0
20906 79 2
20951 79 0
21073 79 2
24164 73 0
24255 73 2
24345 74 0
24451 74 2
24528 74 0
24603 74 2
24679 74 0
24770 74 2
24846 74 0
24922 74 2
25012 74 0
25087 74 2
25164 74 0
25238 74 2
25330 74 0
25390 74 2
25480 74 0
25541 74 2
25616 74 0
25691 74 2
25767 74 0
27911 74 2
28061 74 0
28151 74 2
28241 74 0
28317 74 2
28407 74 0
28483 74 2
28559 74 0
28634 74 2
28695 74 0
28784 74 2
28845 74 0
30563 74 2
30668 74 0
30772 74 2
30847 74 0
30954 74 2
31030 74 0
31137 74 2
31227 74 0
31334 74 2
31394 74 0
31530 74 2
31560 49 0
31636 49 2
31816 79 0
31876 79 2
31951 79 0
32027 79 2
32162 74 0
32222 74 2
32313 74 0
32388 74 2
32479 74 0
32554 74 2
32629 74 0
32704 74 2
32794 74 0
32856 74 2
32931 74 0
33006 74 2
33066 74 0
33187 74 2
33442 73 0
33503 74 0
33563 73 2
35069 74 2
36005 74 0
36096 79 0
36444 74 2
36474 79 2
38904 49 0
38995 49 2
39190 79 0
39280 79 2
41148 85 0
41208 85 2
41299 85 0
41375 85 2
41465 85 0
41525 85 2
41601 85 0
41661 85 2
41751 85 0
41796 85 2
41841 85 0
41931 85 2
42231 74 0
42306 74 2
42397 74 0
42487 74 2
42578 74 0
42654 74 2
42745 74 0
42821 74 2
42911 74 0
42987 74 2
43062 74 0
43138 74 2
43198 74 0
43289 74 2
43545 49 0
43635 49 2
43952 74 0
44990 70 0
45095 70 2
45775 74 2
45940 73 0
46016 73 2
46121 74 0
46226 74 2
46316 74 0
46391 74 2
46467 74 0
46557 74 2
46647 74 0
46722 74 2
46812 74 0
46902 74 2
46977 74 0
47068 74 2
47143 74 0
47263 74 2
47338 74 0
47443 74 2
47503 74 0
47594 74 2
47670 74 0
47761 74 2
47838 74 0
47928 74 2
48003 74 0
48078 74 2
48153 74 0
48303 74 2
48589 85 0
48694 85 2
48829 74 0
50065 74 2
50261 79 0
50397 79 2
53400 74 0
53461 74 2
53567 74 0
53642 74 2
53734 74 0
53809 74 2
53899 74 0
53989 74 2
64488 1 0
64640 1 2
66565 -1354 -779
66580 -1290 -775
66595 -1204 -772
66611 -1103 -768
66626 -1001 -766
66640 -913 -765
66655 -874 -765
66671 -814 -763
66686 -762 -762
66701 -727 -762
66716 -698 -762
66731 -678 -762
66747 -670 -762
66761 -668 -762
66836 -666 -761
66866 -661 -761
66881 -658 -761
66941 1 0
67062 1 2
67228 -659 -759
67243 -665 -756
67258 -673 -750
67273 -683 -746
67288 -694 -741
67303 -703 -737
67319 -709 -734
67334 -714 -732
67349 -722 -728
67364 -731 -722
67380 -741 -717
67396 -750 -710
67411 -757 -705
67426 -762 -702
67441 -766 -698
67456 -770 -694
67472 -772 -693
67487 -774 -688
67517 1 0
67637 1 2
67698 -776 -688
67712 -778 -689
67728 -781 -690
67742 -783 -690
67757 -793 -691
67773 -813 -693
67788 -845 -696
67803 -898 -702
67818 -955 -711
67832 -1028 -731
67848 -1108 -753
67864 -1194 -778
67879 -1237 -790
67894 -1301 -809
67909 -1357 -822
67924 -1379 -831
67939 -1394 -837
67954 -1402 -840
68271 -1398 -837
68286 -1394 -833
68302 -1390 -830
68317 -1386 -828
68347 1 0
68452 1 2
69294 50 0
69384 50 2
