0 -599 -478
105 50 0
211 50 2
3213 27 0
3228 27 2
3243 27 0
3258 27 2
3273 27 0
3288 27 2
3303 27 0
3318 27 2
3333 27 0
3348 27 2
3363 27 0
3378 27 2
3393 27 0
3408 27 2
3423 27 0
3438 27 2
3453 27 0
3468 27 2
3483 27 0
3498 27 2
3513 27 0
3528 27 2
3543 27 0
3558 27 2
3573 27 0
3588 27 2
3603 27 0
3618 27 2
3633 27 0
3648 27 2
3663 27 0
3678 27 2
3693 27 0
3708 27 2
3723 27 0
3738 27 2
3753 27 0
3768 27 2
3783 27 0
3798 27 2
3813 27 0
3828 27 2
3843 27 0
3858 27 2
3873 27 0
3888 27 2
3903 27 0
3918 27 2
3933 27 0
3948 27 2
3963 27 0
3978 27 2
3993 27 0
4008 27 2
4023 27 0
4038 27 2
4053 27 0
4068 27 2
4083 27 0
4099 27 2
4114 27 0
4129 27 2
4144 27 0
4159 27 2
4174 27 0
4189 27 2
4204 27 0
4219 27 2
4234 27 0
4249 27 2
4264 27 0
4279 27 2
4295 27 0
4309 27 2
4324 27 0
4339 27 2
4355 27 0
4371 27 2
4386 27 0
4401 27 2
4416 27 0
4431 27 2
4446 27 0
4461 27 2
4476 27 0
4491 27 2
4507 27 0
4522 27 2
4537 27 0
4552 27 2
4567 27 0
4583 27 2
4597 27 0
4612 27 2
4628 27 0
4644 27 2
4658 27 0
4674 27 2
4689 27 0
4704 27 2
4719 27 0
4733 27 2
4748 27 0
4763 27 2
4778 27 0
4793 27 2
4809 27 0
4823 27 2
4838 27 0
4854 27 2
4868 27 0
4884 27 2
4899 27 0
4914 27 2
4930 27 0
4946 27 2
4961 27 0
4976 27 2
4991 27 0
5006 27 2
5021 27 0
5036 27 2
5051 27 0
5066 27 2
5081 27 0
5097 27 2
5112 27 0
5127 27 2
5142 27 0
5157 27 2
5172 27 0
5187 27 2
5202 27 0
5217 27 2
5232 27 0
5247 27 2
5262 27 0
5277 27 2
5292 27 0
5307 27 2
5322 27 0
5337 27 2
5351 27 0
5366 27 2
5381 27 0
5396 27 2
5849 192 0
5940 192 2
6481 69 0
6542 69 2
6978 87 0
8180 87 2
8361 79 0
8496 79 2
11100 49 0
11161 49 2
11236 49 0
11295 49 2
11520 85 0
11580 85 2
11641 85 0
11701 85 2
11776 85 0
11820 85 2
11881 85 0
11941 85 2
12740 74 0
14213 74 2
15343 49 0
15493 49 2
16624 85 0
16729 85 2
16984 87 0
17075 73 0
17211 73 2
17271 73 0
17377 73 2
17556 87 2
17873 74 0
17978 74 2
18114 74 0
18204 74 2
18279 74 0
18370 74 2
18446 74 0
18521 74 2
18612 74 0
18687 74 2
18778 74 0
18838 74 2
18929 74 0
19004 74 2
19078 74 0
19170 74 2
19246 74 0
19337 74 2
19412 74 0
19503 74 2
19578 74 0
19684 74 2
19759 74 0
19865 74 2
19954 74 0
20076 74 2
20106 65 0
20181 74 0
20287 74 2
20377 74 0
20497 74 2
20587 74 0
20723 74 2
20813 74 0
20933 74 2
21023 74 0
21159 74 2
21249 74 0
21384 74 2
21444 65 2
21459 74 0
21582 74 2
21673 74 0
21793 74 2
21884 74 0
22020 74 2
22111 74 0
22246 74 2
22336 74 0
22487 74 2
22578 74 0
22713 74 2
22804 74 0
22955 74 2
23030 74 0
23180 74 2
23286 74 0
23436 74 2
23527 74 0
23662 74 2
30868 1 0
31019 1 2
33186 50 0
33306 50 2
33804 192 0
33940 192 2
