0 -769 -568
76 50 0
197 50 2
4010 27 0
4025 27 2
4040 27 0
4055 27 2
4070 27 0
4085 27 2
4100 27 0
4115 27 2
4130 27 0
4145 27 2
4160 27 0
4175 27 2
4190 27 0
4205 27 2
4220 27 0
4235 27 2
4250 27 0
4265 27 2
4280 27 0
4295 27 2
4310 27 0
4325 27 2
4340 27 0
4355 27 2
4370 27 0
4385 27 2
4400 27 0
4415 27 2
4430 27 0
4445 27 2
4461 27 0
4476 27 2
4491 27 0
4506 27 2
4521 27 0
4536 27 2
4551 27 0
4566 27 2
4581 27 0
4596 27 2
4611 27 0
4626 27 2
4641 27 0
4655 27 2
4670 27 0
4685 27 2
4700 27 0
4715 27 2
4730 27 0
4745 27 2
4761 27 0
4776 27 2
4791 27 0
4806 27 2
4821 27 0
4836 27 2
4851 27 0
4866 27 2
4882 27 0
4897 27 2
4912 27 0
4926 27 2
4942 27 0
4957 27 2
4972 27 0
4987 27 2
5002 27 0
5017 27 2
5032 27 0
5047 27 2
5062 27 0
5077 27 2
5092 27 0
5107 27 2
5122 27 0
5137 27 2
5152 27 0
5167 27 2
5182 27 0
5197 27 2
5212 27 0
5227 27 2
5242 27 0
5257 27 2
5272 27 0
5287 27 2
5302 27 0
5317 27 2
5332 27 0
5348 27 2
5363 27 0
5378 27 2
5393 27 0
5408 27 2
5423 27 0
5438 27 2
5453 27 0
5468 27 2
5483 27 0
5498 27 2
5513 27 0
5528 27 2
5544 27 0
5559 27 2
5574 27 0
5589 27 2
5604 27 0
5619 27 2
5634 27 0
5649 27 2
5664 27 0
5679 27 2
5694 27 0
5709 27 2
5724 27 0
5740 27 2
5755 27 0
5770 27 2
5785 27 0
5800 27 2
5815 27 0
5831 27 2
5846 27 0
5861 27 2
5876 27 0
5891 27 2
5906 27 0
5921 27 2
5936 27 0
5951 27 2
5966 27 0
5981 27 2
5996 27 0
6012 27 2
6645 192 0
6782 192 2
7583 69 0
7720 69 2
8903 87 0
9175 87 2
11584 65 0
11584 87 0
11629 73 0
11840 87 2
11870 65 2
11885 73 2
12614 85 0
12734 85 2
13158 49 0
13263 49 2
13960 68 0
14005 73 0
14035 68 2
14110 73 2
14185 85 0
14365 85 2
14395 85 0
14486 85 2
14700 49 0
14790 49 2
15472 74 0
16693 74 2
16769 65 0
16815 87 0
16921 73 0
17058 87 2
17073 73 2
17088 65 2
17270 79 0
17359 79 2
17434 79 0
17540 79 2
30612 1 0
30824 1 2
32221 50 0
32388 50 2
32794 192 0
32930 192 2
