0 -681 -582
74 50 0
148 50 2
3215 27 0
3230 27 2
3245 27 0
3260 27 2
3276 27 0
3291 27 2
3306 27 0
3321 27 2
3337 27 0
3352 27 2
3367 27 0
3383 27 2
3398 27 0
3413 27 2
3428 27 0
3443 27 2
3458 27 0
3473 27 2
3488 27 0
3503 27 2
3518 27 0
3533 27 2
3548 27 0
3563 27 2
3579 27 0
3594 27 2
3609 27 0
3624 27 2
3639 27 0
3654 27 2
3669 27 0
3684 27 2
3699 27 0
3714 27 2
3729 27 0
3743 27 2
3758 27 0
3773 27 2
3788 27 0
3804 27 2
3819 27 0
3834 27 2
3849 27 0
3865 27 2
3880 27 0
3895 27 2
3910 27 0
3925 27 2
3941 27 0
3956 27 2
3971 27 0
3986 27 2
4001 27 0
4016 27 2
4031 27 0
4046 27 2
4061 27 0
4076 27 2
4091 27 0
4106 27 2
4121 27 0
4136 27 2
4151 27 0
4166 27 2
4181 27 0
4196 27 2
4211 27 0
4226 27 2
4241 27 0
4256 27 2
4271 27 0
4286 27 2
4301 27 0
4316 27 2
4332 27 0
4347 27 2
4362 27 0
4377 27 2
4392 27 0
4408 27 2
4423 27 0
4438 27 2
4453 27 0
4467 27 2
4483 27 0
4498 27 2
4513 27 0
4528 27 2
4543 27 0
4558 27 2
4573 27 0
4588 27 2
4603 27 0
4618 27 2
4633 27 0
4648 27 2
4663 27 0
4679 27 2
4693 27 0
4708 27 2
4723 27 0
4738 27 2
4753 27 0
4768 27 2
4783 27 0
4798 27 2
4813 27 0
4828 27 2
4844 27 0
4858 27 2
4873 27 0
4888 27 2
4904 27 0
4919 27 2
4934 27 0
4949 27 2
4964 27 0
4980 27 2
4995 27 0
5010 27 2
5025 27 0
5040 27 2
5055 27 0
5071 27 2
5086 27 0
5102 27 2
5117 27 0
5133 27 2
5148 27 0
5163 27 2
5178 27 0
5193 27 2
5208 27 0
5223 27 2
5238 27 0
5253 27 2
5268 27 0
5283 27 2
5298 27 0
5314 27 2
5328 27 0
5344 27 2
5359 27 0
5374 27 2
5389 27 0
5404 27 2
6086 192 0
6176 192 2
6779 69 0
6854 69 2
7489 87 0
7762 87 2
9042 74 0
9887 74 2
10820 85 0
10894 85 2
10910 49 0
10986 49 2
11061 49 0
11106 49 2
11618 68 0
11678 73 0
11738 68 2
11753 73 2
11828 85 0
11889 85 2
11965 85 0
12009 85 2
12070 85 0
12129 85 2
12295 49 0
12386 49 2
13077 65 0
13351 73 0
13426 73 2
13516 73 0
13577 73 2
13653 73 0
13714 73 2
13789 73 0
13849 73 2
13909 73 0
13969 73 2
14030 73 0
14151 73 2
14256 65 2
14271 74 0
14363 74 2
14424 74 0
15689 74 2
15929 85 0
16004 85 2
16064 85 0
16123 85 2
16199 85 0
16260 85 2
16321 85 0
16381 85 2
16637 68 0
16712 73 0
16787 74 0
16833 73 2
16879 68 2
16893 74 2
16970 74 0
17060 74 2
17136 74 0
17241 74 2
17317 74 0
17423 74 2
17499 74 0
17605 74 2
17679 74 0
17770 74 2
17830 74 0
17906 74 2
17981 74 0
18071 74 2
18145 74 0
18235 74 2
19804 74 0
19924 74 2
20030 74 0
20106 74 2
20212 74 0
20258 74 2
20364 74 0
20425 74 2
28917 1 0
29098 1 2
30361 50 0
30497 50 2
31056 192 0
31224 192 2
