0 -1178 -646
76 50 0
212 50 2
3215 27 0
3230 27 2
3245 27 0
3260 27 2
3275 27 0
3290 27 2
3305 27 0
3320 27 2
3335 27 0
3351 27 2
3366 27 0
3381 27 2
3396 27 0
3411 27 2
3426 27 0
3442 27 2
3457 27 0
3472 27 2
3486 27 0
3502 27 2
3517 27 0
3532 27 2
3547 27 0
3562 27 2
3578 27 0
3593 27 2
3608 27 0
3623 27 2
3638 27 0
3653 27 2
3668 27 0
3683 27 2
3698 27 0
3713 27 2
3727 27 0
3743 27 2
3758 27 0
3774 27 2
3789 27 0
3804 27 2
3819 27 0
3834 27 2
3849 27 0
3864 27 2
3879 27 0
3894 27 2
3909 27 0
3924 27 2
3939 27 0
3954 27 2
3969 27 0
3984 27 2
3999 27 0
4013 27 2
4029 27 0
4044 27 2
4059 27 0
4073 27 2
4088 27 0
4103 27 2
4118 27 0
4133 27 2
4148 27 0
4163 27 2
4178 27 0
4193 27 2
4208 27 0
4223 27 2
4238 27 0
4253 27 2
4268 27 0
4283 27 2
4298 27 0
4313 27 2
4328 27 0
4343 27 2
4358 27 0
4373 27 2
4388 27 0
4403 27 2
4418 27 0
4433 27 2
4448 27 0
4463 27 2
4478 27 0
4493 27 2
4508 27 0
4523 27 2
4538 27 0
4553 27 2
4568 27 0
4583 27 2
4598 27 0
4613 27 2
4628 27 0
4643 27 2
4658 27 0
4673 27 2
4688 27 0
4703 27 2
4718 27 0
4733 27 2
4748 27 0
4763 27 2
4778 27 0
4793 27 2
4808 27 0
4823 27 2
4838 27 0
4853 27 2
4868 27 0
4883 27 2
4898 27 0
4913 27 2
4928 27 0
4943 27 2
4958 27 0
4973 27 2
4988 27 0
5003 27 2
5018 27 0
5033 27 2
5048 27 0
5063 27 2
5078 27 0
5093 27 2
5108 27 0
5123 27 2
5137 27 0
5152 27 2
5167 27 0
5182 27 2
5197 27 0
5212 27 2
5228 27 0
5243 27 2
5258 27 0
5273 27 2
5288 27 0
5303 27 2
5318 27 0
5333 27 2
5348 27 0
5363 27 2
5378 27 0
5393 27 2
6131 192 0
6265 192 2
6521 69 0
6596 69 2
7064 87 0
7322 73 0
7413 73 2
7518 73 0
7594 73 2
7684 73 0
7774 73 2
7865 73 0
7924 73 2
8014 73 0
8074 73 2
8195 87 2
8723 85 0
8828 85 2
9945 74 0
10655 74 2
11046 49 0
11151 49 2
11858 85 0
11934 85 2
12054 79 0
12099 79 2
12174 79 0
12235 79 2
12295 79 0
12371 79 2
12431 79 0
12476 79 2
12551 79 0
12596 79 2
12656 79 0
12701 79 2
13999 74 0
14059 74 2
14180 74 0
14255 74 2
14330 74 0
14405 74 2
14452 49 0
14542 49 2
14663 73 0
15116 73 2
15297 85 0
15387 85 2
15493 85 0
15539 85 2
15795 85 0
15870 85 2
15901 85 0
16021 85 2
16112 85 0
16172 85 2
16278 85 0
16338 85 2
16443 85 0
16518 85 2
16623 85 0
16684 85 2
16789 85 0
16864 85 2
16954 85 0
17030 85 2
17135 85 0
17212 85 2
17317 85 0
17363 85 2
17483 85 0
17558 85 2
17650 85 0
17756 85 2
17786 85 0
17890 85 2
17980 85 0
18055 85 2
18146 85 0
18236 85 2
26310 1 0
26416 1 2
27407 50 0
27542 50 2
27918 192 0
28070 192 2
