0 -697 -605
108 50 0
251 50 2
3213 27 0
3228 27 2
3244 27 0
3260 27 2
3276 27 0
3292 27 2
3307 27 0
3323 27 2
3339 27 0
3355 27 2
3371 27 0
3387 27 2
3403 27 0
3419 27 2
3434 27 0
3450 27 2
3466 27 0
3482 27 2
3498 27 0
3514 27 2
3530 27 0
3545 27 2
3561 27 0
3577 27 2
3593 27 0
3608 27 2
3625 27 0
3641 27 2
3657 27 0
3673 27 2
3689 27 0
3704 27 2
3719 27 0
3735 27 2
3750 27 0
3765 27 2
3781 27 0
3797 27 2
3812 27 0
3827 27 2
3844 27 0
3859 27 2
3875 27 0
3891 27 2
3907 27 0
3923 27 2
3939 27 0
3954 27 2
3970 27 0
3986 27 2
4002 27 0
4018 27 2
4034 27 0
4050 27 2
4065 27 0
4080 27 2
4095 27 0
4111 27 2
4126 27 0
4142 27 2
4158 27 0
4173 27 2
4189 27 0
4205 27 2
4220 27 0
4235 27 2
4251 27 0
4267 27 2
4282 27 0
4298 27 2
4314 27 0
4330 27 2
4345 27 0
4361 27 2
4376 27 0
4392 27 2
4407 27 0
4423 27 2
4439 27 0
4454 27 2
4470 27 0
4486 27 2
4502 27 0
4518 27 2
4533 27 0
4549 27 2
4564 27 0
4580 27 2
4596 27 0
4611 27 2
4626 27 0
4642 27 2
4658 27 0
4673 27 2
4690 27 0
4705 27 2
4720 27 0
4736 27 2
4752 27 0
4768 27 2
4783 27 0
4799 27 2
4815 27 0
4830 27 2
4845 27 0
4860 27 2
4875 27 0
4892 27 2
4907 27 0
4922 27 2
4938 27 0
4954 27 2
4970 27 0
4986 27 2
5001 27 0
5017 27 2
5032 27 0
5048 27 2
5064 27 0
5079 27 2
5094 27 0
5110 27 2
5126 27 0
5141 27 2
5157 27 0
5172 27 2
5188 27 0
5204 27 2
5220 27 0
5235 27 2
5251 27 0
5267 27 2
5283 27 0
5298 27 2
5313 27 0
5329 27 2
5345 27 0
5361 27 2
5377 27 0
5393 27 2
5908 192 0
6050 192 2
7002 69 0
7097 69 2
7569 87 0
8887 87 2
9077 73 0
11517 73 2
11879 49 0
11989 49 2
12680 65 0
12680 87 0
12758 73 0
12852 73 2
12852 87 2
12868 65 2
12931 85 0
12993 85 2
13056 85 0
13103 85 2
13151 85 0
13230 85 2
13417 49 0
13542 49 2
13981 74 0
14952 74 2
15077 74 0
15141 74 2
15235 74 0
15314 74 2
15377 74 0
15457 74 2
15536 74 0
15615 74 2
15694 74 0
15757 74 2
15833 74 0
15896 74 2
15975 74 0
16054 74 2
16133 74 0
16196 74 2
16274 74 0
16352 74 2
16429 74 0
16491 74 2
16571 74 0
16651 74 2
16730 74 0
16809 74 2
16886 74 0
16966 74 2
17043 74 0
17136 74 2
17183 74 0
17260 74 2
30647 1 0
30881 1 2
31877 50 0
32018 50 2
32395 192 0
32523 192 2
