0 -395 -335
90 50 0
181 50 2
4008 27 0
4023 27 2
4038 27 0
4053 27 2
4068 27 0
4083 27 2
4098 27 0
4113 27 2
4128 27 0
4143 27 2
4158 27 0
4173 27 2
4188 27 0
4203 27 2
4218 27 0
4233 27 2
4248 27 0
4263 27 2
4278 27 0
4293 27 2
4308 27 0
4323 27 2
4338 27 0
4353 27 2
4368 27 0
4384 27 2
4399 27 0
4414 27 2
4429 27 0
4445 27 2
4460 27 0
4475 27 2
4490 27 0
4505 27 2
4520 27 0
4535 27 2
4550 27 0
4566 27 2
4581 27 0
4596 27 2
4611 27 0
4626 27 2
4641 27 0
4656 27 2
4671 27 0
4686 27 2
4701 27 0
4716 27 2
4731 27 0
4746 27 2
4761 27 0
4776 27 2
4791 27 0
4807 27 2
4822 27 0
4837 27 2
4852 27 0
4867 27 2
4881 27 0
4896 27 2
4911 27 0
4927 27 2
4942 27 0
4958 27 2
4973 27 0
4988 27 2
5004 27 0
5019 27 2
5034 27 0
5049 27 2
5064 27 0
5079 27 2
5094 27 0
5109 27 2
5124 27 0
5139 27 2
5154 27 0
5169 27 2
5183 27 0
5199 27 2
5214 27 0
5230 27 2
5245 27 0
5260 27 2
5275 27 0
5290 27 2
5306 27 0
5321 27 2
5336 27 0
5352 27 2
5367 27 0
5382 27 2
5397 27 0
5413 27 2
5428 27 0
5443 27 2
5459 27 0
5473 27 2
5489 27 0
5504 27 2
5519 27 0
5534 27 2
5550 27 0
5565 27 2
5580 27 0
5595 27 2
5610 27 0
5625 27 2
5640 27 0
5655 27 2
5670 27 0
5685 27 2
5700 27 0
5715 27 2
5730 27 0
5745 27 2
5761 27 0
5776 27 2
5791 27 0
5806 27 2
5821 27 0
5836 27 2
5851 27 0
5866 27 2
5882 27 0
5896 27 2
5911 27 0
5927 27 2
5943 27 0
5957 27 2
5972 27 0
5987 27 2
6654 192 0
6777 192 2
7154 69 0
7245 69 2
7972 87 0
9089 87 2
9272 73 0
11740 73 2
12148 49 0
12225 49 2
12874 68 0
12889 87 0
12935 73 0
13011 87 2
13026 68 2
13056 73 2
13162 85 0
13237 85 2
13312 85 0
13357 85 2
13433 85 0
13494 85 2
13645 49 0
13735 49 2
14401 74 0
15703 74 2
15839 87 0
15944 73 0
16065 73 2
16065 87 2
16291 79 0
16366 79 2
16471 79 0
16546 79 2
18453 74 0
20409 74 2
35561 1 0
35698 1 2
36780 50 0
36916 50 2
37367 192 0
37487 192 2
