0 -1096 -595
123 50 0
259 50 2
3201 27 0
3216 27 2
3231 27 0
3246 27 2
3261 27 0
3276 27 2
3292 27 0
3307 27 2
3322 27 0
3337 27 2
3352 27 0
3367 27 2
3382 27 0
3397 27 2
3413 27 0
3428 27 2
3443 27 0
3459 27 2
3474 27 0
3488 27 2
3503 27 0
3518 27 2
3533 27 0
3548 27 2
3563 27 0
3578 27 2
3593 27 0
3609 27 2
3623 27 0
3639 27 2
3654 27 0
3670 27 2
3685 27 0
3700 27 2
3715 27 0
3730 27 2
3746 27 0
3761 27 2
3775 27 0
3791 27 2
3806 27 0
3821 27 2
3836 27 0
3850 27 2
3866 27 0
3880 27 2
3895 27 0
3910 27 2
3926 27 0
3942 27 2
3957 27 0
3972 27 2
3987 27 0
4002 27 2
4017 27 0
4032 27 2
4047 27 0
4062 27 2
4077 27 0
4093 27 2
4107 27 0
4123 27 2
4138 27 0
4153 27 2
4168 27 0
4183 27 2
4198 27 0
4213 27 2
4228 27 0
4243 27 2
4258 27 0
4273 27 2
4288 27 0
4303 27 2
4318 27 0
4333 27 2
4348 27 0
4363 27 2
4378 27 0
4393 27 2
4409 27 0
4424 27 2
4439 27 0
4455 27 2
4470 27 0
4486 27 2
4501 27 0
4516 27 2
4531 27 0
4546 27 2
4561 27 0
4577 27 2
4592 27 0
4608 27 2
4623 27 0
4638 27 2
4652 27 0
4668 27 2
4683 27 0
4698 27 2
4713 27 0
4728 27 2
4743 27 0
4758 27 2
4773 27 0
4789 27 2
4804 27 0
4819 27 2
4835 27 0
4850 27 2
4865 27 0
4880 27 2
4895 27 0
4910 27 2
4925 27 0
4940 27 2
4956 27 0
4970 27 2
4985 27 0
5001 27 2
5016 27 0
5031 27 2
5046 27 0
5060 27 2
5076 27 0
5090 27 2
5106 27 0
5121 27 2
5136 27 0
5151 27 2
5166 27 0
5182 27 2
5197 27 0
5212 27 2
5227 27 0
5241 27 2
5256 27 0
5271 27 2
5286 27 0
5301 27 2
5317 27 0
5332 27 2
5347 27 0
5362 27 2
5376 27 0
5392 27 2
6149 192 0
6299 192 2
6783 69 0
6813 69 2
7192 69 0
7237 69 2
7691 87 0
7949 87 2
9033 74 0
9776 74 2
10803 49 0
10878 49 2
10969 85 0
11045 85 2
11120 85 0
11182 85 2
11227 85 0
11333 85 2
11711 49 0
11786 49 2
11861 49 0
11937 49 2
12831 85 0
12906 85 2
12996 85 0
13056 85 2
13117 85 0
13177 85 2
13253 85 0
13314 85 2
14097 74 0
14897 65 0
15215 65 2
15215 74 2
16121 65 0
16213 73 0
16423 73 2
16633 65 2
17478 65 0
17583 73 0
17871 73 2
17886 65 2
27650 1 0
27816 1 2
29050 50 0
29217 50 2
29501 192 0
29637 192 2
