0 -697 -514
30 70 0
90 50 0
90 70 2
150 70 0
211 70 2
226 50 2
286 70 0
347 70 2
392 70 0
452 70 2
512 70 0
572 70 2
647 70 0
692 70 2
752 70 0
813 70 2
873 70 0
933 70 2
1008 70 0
1053 70 2
1128 70 0
1173 70 2
1233 70 0
1293 70 2
1354 70 0
1414 70 2
1474 70 0
1535 70 2
1595 70 0
1655 70 2
1716 70 0
1792 70 2
1837 70 0
1897 70 2
1957 70 0
2017 70 2
2077 70 0
2137 70 2
2197 70 0
2257 70 2
2333 70 0
2378 70 2
2438 70 0
2498 70 2
2558 70 0
2618 70 2
2678 70 0
2738 70 2
2813 70 0
2858 70 2
2918 70 0
2978 70 2
3039 70 0
3099 70 2
3174 70 0
3204 27 0
3219 27 2
3234 27 0
3249 27 2
3264 27 0
3279 27 2
3293 27 0
3308 27 2
3324 27 0
3339 27 2
3354 27 0
3369 27 2
3384 27 0
3399 27 2
3414 27 0
3429 27 2
3444 27 0
3459 27 2
3474 27 0
3489 27 2
3505 27 0
3520 27 2
3535 27 0
3550 27 2
3565 27 0
3580 27 2
3595 27 0
3610 27 2
3625 27 0
3640 27 2
3655 27 0
3669 27 2
3684 27 0
3700 27 2
3715 27 0
3730 27 2
3745 27 0
3760 27 2
3775 27 0
3790 27 2
3805 27 0
3820 27 2
3835 27 0
3850 27 2
3865 27 0
3880 27 2
3895 27 0
3911 27 2
3926 27 0
3941 27 2
3956 27 0
3971 27 2
3986 27 0
4001 27 2
4016 27 0
4031 27 2
4046 27 0
4061 27 2
4076 27 0
4091 27 2
4106 27 0
4121 27 2
4136 27 0
4151 27 2
4166 27 0
4181 27 2
4196 27 0
4211 27 2
4226 27 0
4241 27 2
4256 27 0
4271 27 2
4286 27 0
4301 27 2
4316 27 0
4331 27 2
4346 27 0
4361 27 2
4376 27 0
4391 27 2
4406 27 0
4421 27 2
4436 27 0
4451 27 2
4466 27 0
4481 27 2
4496 27 0
4511 27 2
4526 27 0
4541 27 2
4556 27 0
4571 27 2
4586 27 0
4601 27 2
4616 27 0
4631 27 2
4646 27 0
4661 27 2
4676 27 0
4691 27 2
4706 27 0
4721 27 2
4736 27 0
4751 27 2
4766 27 0
4781 27 2
4796 27 0
4811 27 2
4826 27 0
4841 27 2
4856 27 0
4871 27 2
4886 27 0
4901 27 2
4916 27 0
4931 27 2
4946 27 0
4961 27 2
4976 27 0
4991 27 2
5006 27 0
5021 27 2
5036 27 0
5051 27 2
5066 27 0
5081 27 2
5096 27 0
5111 27 2
5126 27 0
5141 27 2
5156 27 0
5171 27 2
5186 27 0
5201 27 2
5216 27 0
5231 27 2
5246 27 0
5261 27 2
5277 27 0
5292 27 2
5307 27 0
5322 27 2
5337 27 0
5352 27 2
5367 27 0
5382 27 2
5397 27 0
5412 27 2
5427 70 2
5442 70 0
5502 70 2
5562 70 0
5622 70 2
5682 70 0
5742 70 2
5802 70 0
5861 70 2
5922 70 0
5982 70 2
6042 70 0
6087 192 0
6102 70 2
6163 70 0
6223 192 2
6223 70 2
6283 70 0
6343 70 2
6404 70 0
6465 70 2
6526 70 0
6586 70 2
6662 70 0
6707 69 0
6707 70 2
6752 69 2
6767 70 0
6827 70 2
6888 70 0
6948 70 2
7008 70 0
7068 70 2
7128 70 0
7188 70 2
7265 70 0
7310 70 2
7310 87 0
7370 70 0
7430 70 2
7490 70 0
7550 70 2
7565 73 0
7611 70 0
7672 70 2
7672 73 2
7732 70 0
7762 73 0
7791 70 2
7852 70 0
7852 73 2
7912 70 2
7957 73 0
7972 70 0
8032 70 2
8032 73 2
8092 70 0
8122 73 0
8152 70 2
8197 73 2
8212 70 0
8289 70 2
8289 73 0
8335 70 0
8350 73 2
8395 70 2
8426 73 0
8456 70 0
8516 70 2
8546 73 2
8576 70 0
8636 70 2
8697 70 0
8757 70 2
8833 70 0
8877 70 2
8923 87 2
8938 70 0
8938 85 0
9014 70 2
9045 85 2
9075 70 0
9120 70 2
9180 70 0
9240 70 2
9316 70 0
9361 70 2
9422 70 0
9482 70 2
9542 70 0
9602 70 2
9662 70 0
9722 70 2
9782 70 0
9843 70 2
9903 70 0
9963 70 2
10024 70 0
10085 70 2
10145 70 0
10206 70 2
10236 74 0
10266 70 0
10326 70 2
10386 70 0
10447 70 2
10507 70 0
10567 70 2
10628 70 0
10688 70 2
10748 70 0
10808 70 2
10868 70 0
10928 70 2
10990 70 0
11019 74 2
11049 70 2
11110 70 0
11171 70 2
11231 70 0
11291 70 2
11321 49 0
11351 70 0
11412 70 2
11427 49 2
11472 70 0
11532 70 2
11593 70 0
11652 70 2
11727 70 0
11772 70 2
11833 70 0
11893 70 2
11953 70 0
12013 70 2
12072 70 0
12102 85 0
12133 70 2
12193 70 0
12208 85 2
12253 70 2
12299 79 0
12314 70 0
12373 70 2
12373 79 2
12433 70 0
12433 79 0
12493 70 2
12508 79 2
12553 70 0
12553 79 0
12614 70 2
12629 79 2
12689 70 0
12689 79 0
12735 70 2
12735 79 2
12795 70 0
12795 79 0
12855 70 2
12870 79 2
12915 70 0
12915 79 0
12975 70 2
13005 79 2
13035 70 0
13095 70 2
13156 70 0
13215 70 2
13275 70 0
13335 70 2
13395 70 0
13455 70 2
13516 70 0
13576 70 2
13636 70 0
13696 70 2
13757 70 0
13833 70 2
13878 70 0
13938 70 2
13998 70 0
14058 70 2
14118 70 0
14178 70 2
14239 70 0
14300 70 2
14375 70 0
14435 70 2
14480 70 0
14540 70 2
14600 70 0
14660 70 2
14675 49 0
14719 70 0
14779 70 2
14839 70 0
14855 49 2
14915 70 2
14960 70 0
15019 70 2
15080 70 0
15140 70 2
15215 70 0
15260 70 2
15320 70 0
15396 70 2
15441 70 0
15501 70 2
15561 70 0
15621 70 2
15681 70 0
15741 70 2
15801 70 0
15861 70 2
15922 70 0
15983 70 2
16043 70 0
16103 70 2
16164 70 0
16224 70 2
16284 70 0
16344 70 2
16404 70 0
16464 70 2
16524 70 0
16584 70 2
16644 70 0
16704 70 2
16765 70 0
16825 70 2
16884 70 0
16944 70 2
17020 70 0
17065 70 2
17126 70 0
17187 70 2
17262 70 0
17308 70 2
17368 70 0
17428 70 2
17503 70 0
17563 70 2
17608 70 0
17668 70 2
17729 70 0
17789 70 2
17849 70 0
17909 70 2
17969 70 0
18029 70 2
18104 70 0
18150 70 2
18210 70 0
18271 70 2
18346 70 0
18405 70 2
18451 70 0
18526 70 2
18570 70 0
18631 70 2
18706 70 0
18751 70 2
18811 70 0
18872 70 2
18932 70 0
18994 70 2
19054 70 0
19114 70 2
19174 70 0
19235 70 2
19310 70 0
19356 70 2
19416 70 0
19476 70 2
19537 70 0
19597 70 2
19658 70 0
19718 70 2
19778 70 0
19838 70 2
19914 70 0
19959 70 2
20020 70 0
20079 70 2
20140 70 0
20200 70 2
20260 70 0
20320 70 2
20380 70 0
20441 70 2
20500 70 0
20576 70 2
20621 70 0
20681 70 2
20741 70 0
20802 70 2
20861 70 0
20922 70 2
20983 70 0
21059 70 2
21104 70 0
21165 70 2
21224 70 0
21285 70 2
21361 70 0
21406 70 2
21466 70 0
21543 70 2
21588 70 0
21648 70 2
21710 70 0
21771 70 2
21831 70 0
21891 70 2
21951 70 0
22011 70 2
22071 70 0
22148 70 2
22193 70 0
22253 70 2
22313 70 0
22374 70 2
22434 70 0
22493 70 2
22553 70 0
22630 70 2
22675 70 0
22735 70 2
22796 70 0
22857 70 2
22917 70 0
22976 70 2
23037 70 0
23113 70 2
23158 70 0
23219 70 2
23279 70 0
23340 70 2
23401 70 0
23462 70 2
23522 70 0
23582 70 2
23643 70 0
23704 70 2
23764 70 0
23840 70 2
23885 70 0
23946 70 2
24006 70 0
24066 70 2
24126 70 0
24186 70 2
24247 70 0
24308 70 2
24368 70 0
24428 70 2
24488 70 0
24548 70 2
24608 70 0
24669 70 2
24729 70 0
24790 70 2
24850 70 0
24910 70 2
24970 70 0
25030 70 2
25090 70 0
25150 70 2
25210 70 0
25271 70 2
25331 70 0
25392 70 2
25452 70 0
25512 70 2
25573 70 0
25634 70 2
25694 70 0
25755 70 2
25815 70 0
25844 1 0
25890 70 2
25935 70 0
26010 70 2
26040 1 2
26055 70 0
26116 70 2
26176 70 0
26236 70 2
26296 70 0
26356 70 2
26416 70 0
26476 70 2
26536 70 0
26611 70 2
26656 70 0
26716 70 2
26776 70 0
26837 70 2
26897 70 0
26957 70 2
27017 70 0
27078 70 2
27138 70 0
27198 70 2
27273 70 0
27318 70 2
27378 70 0
27438 70 2
27498 70 0
27559 70 2
27603 50 0
27618 70 0
27678 70 2
27739 70 0
27769 50 2
27799 70 2
27859 70 0
27934 70 2
27979 70 0
28040 70 2
28100 70 0
28160 70 2
28220 70 0
28280 70 2
28340 70 0
28355 192 0
28400 70 2
28460 70 0
28520 192 2
28520 70 2
28581 70 0
28642 70 2
28702 70 0
28762 70 2
28823 70 0
28884 70 2
28944 70 0
