0 -1134 -538
104 50 0
224 50 2
3215 27 0
3230 27 2
3245 27 0
3260 27 2
3275 27 0
3290 27 2
3305 27 0
3320 27 2
3335 27 0
3350 27 2
3365 27 0
3380 27 2
3395 27 0
3410 27 2
3425 27 0
3440 27 2
3455 27 0
3470 27 2
3486 27 0
3501 27 2
3516 27 0
3531 27 2
3546 27 0
3561 27 2
3576 27 0
3592 27 2
3607 27 0
3623 27 2
3638 27 0
3653 27 2
3668 27 0
3683 27 2
3698 27 0
3713 27 2
3728 27 0
3743 27 2
3758 27 0
3773 27 2
3788 27 0
3803 27 2
3818 27 0
3833 27 2
3848 27 0
3863 27 2
3878 27 0
3894 27 2
3908 27 0
3923 27 2
3938 27 0
3954 27 2
3969 27 0
3984 27 2
3999 27 0
4013 27 2
4029 27 0
4044 27 2
4059 27 0
4075 27 2
4090 27 0
4105 27 2
4120 27 0
4135 27 2
4150 27 0
4165 27 2
4180 27 0
4195 27 2
4210 27 0
4225 27 2
4240 27 0
4255 27 2
4270 27 0
4284 27 2
4300 27 0
4314 27 2
4329 27 0
4344 27 2
4360 27 0
4375 27 2
4390 27 0
4405 27 2
4420 27 0
4435 27 2
4450 27 0
4465 27 2
4480 27 0
4496 27 2
4511 27 0
4526 27 2
4540 27 0
4555 27 2
4570 27 0
4586 27 2
4601 27 0
4616 27 2
4631 27 0
4646 27 2
4661 27 0
4676 27 2
4691 27 0
4707 27 2
4721 27 0
4737 27 2
4751 27 0
4767 27 2
4782 27 0
4796 27 2
4811 27 0
4826 27 2
4841 27 0
4856 27 2
4871 27 0
4886 27 2
4901 27 0
4916 27 2
4932 27 0
4947 27 2
4962 27 0
4977 27 2
4993 27 0
5008 27 2
5023 27 0
5038 27 2
5053 27 0
5068 27 2
5083 27 0
5098 27 2
5113 27 0
5128 27 2
5143 27 0
5159 27 2
5174 27 0
5189 27 2
5204 27 0
5220 27 2
5235 27 0
5250 27 2
5265 27 0
5280 27 2
5295 27 0
5310 27 2
5325 27 0
5340 27 2
5356 27 0
5371 27 2
5386 27 0
5402 27 2
5990 192 0
6140 192 2
6866 69 0
6881 87 0
6911 69 2
7392 69 0
7467 69 2
8117 65 0
8449 87 2
8586 83 0
8723 65 2
8844 68 0
8919 83 2
9039 87 0
9174 68 2
9266 65 0
9416 87 2
9536 83 0
9792 65 2
9838 68 0
9929 83 2
10065 87 0
10215 68 2
10260 74 0
10471 74 2
10607 87 2
11044 49 0
11120 49 2
11179 49 0
11240 49 2
11316 49 0
11361 49 2
11421 49 0
11467 49 2
12160 68 0
12160 83 0
12221 73 0
12311 68 2
12311 73 2
12311 83 2
12401 85 0
12446 85 2
12521 85 0
12551 85 2
12611 85 0
12671 85 2
12867 49 0
12942 49 2
13093 74 0
13546 85 0
13681 85 2
14420 74 2
15038 74 0
16544 74 2
27781 1 0
28171 1 2
28684 1 0
28909 1 2
30021 50 0
30186 50 2
30728 192 0
30865 192 2