0 -1065 -444
271 50 0
362 50 2
3202 27 0
3217 27 2
3232 27 0
3247 27 2
3262 27 0
3277 27 2
3292 27 0
3306 27 2
3321 27 0
3336 27 2
3351 27 0
3366 27 2
3381 27 0
3396 27 2
3411 27 0
3426 27 2
3441 27 0
3456 27 2
3471 27 0
3486 27 2
3501 27 0
3516 27 2
3531 27 0
3547 27 2
3561 27 0
3576 27 2
3591 27 0
3606 27 2
3622 27 0
3637 27 2
3652 27 0
3667 27 2
3682 27 0
3697 27 2
3712 27 0
3727 27 2
3742 27 0
3757 27 2
3772 27 0
3787 27 2
3802 27 0
3817 27 2
3832 27 0
3847 27 2
3862 27 0
3877 27 2
3892 27 0
3907 27 2
3922 27 0
3937 27 2
3952 27 0
3967 27 2
3982 27 0
3997 27 2
4012 27 0
4027 27 2
4042 27 0
4058 27 2
4072 27 0
4088 27 2
4103 27 0
4118 27 2
4133 27 0
4148 27 2
4163 27 0
4178 27 2
4193 27 0
4208 27 2
4223 27 0
4238 27 2
4253 27 0
4268 27 2
4283 27 0
4298 27 2
4313 27 0
4328 27 2
4344 27 0
4358 27 2
4373 27 0
4388 27 2
4403 27 0
4418 27 2
4433 27 0
4448 27 2
4463 27 0
4478 27 2
4493 27 0
4508 27 2
4523 27 0
4538 27 2
4553 27 0
4568 27 2
4583 27 0
4598 27 2
4614 27 0
4629 27 2
4644 27 0
4659 27 2
4674 27 0
4689 27 2
4704 27 0
4718 27 2
4734 27 0
4749 27 2
4765 27 0
4780 27 2
4795 27 0
4810 27 2
4825 27 0
4840 27 2
4855 27 0
4870 27 2
4885 27 0
4900 27 2
4915 27 0
4931 27 2
4946 27 0
4961 27 2
4976 27 0
4991 27 2
5006 27 0
5021 27 2
5036 27 0
5051 27 2
5066 27 0
5081 27 2
5096 27 0
5111 27 2
5126 27 0
5141 27 2
5156 27 0
5172 27 2
5187 27 0
5202 27 2
5217 27 0
5233 27 2
5248 27 0
5264 27 2
5279 27 0
5294 27 2
5309 27 0
5324 27 2
5339 27 0
5354 27 2
5369 27 0
5385 27 2
5399 27 0
5414 27 2
5835 192 0
5969 192 2
6181 69 0
6288 69 2
6558 87 0
7870 87 2
9216 74 0
9952 74 2
10871 85 0
10991 85 2
11036 49 0
11096 49 2
11156 49 0
11216 49 2
11773 65 0
11804 87 0
11848 73 0
11893 87 2
11908 73 2
11923 65 2
11983 85 0
12044 85 2
12105 85 0
12150 85 2
12210 85 0
12302 85 2
12437 49 0
12542 49 2
13025 74 0
14457 74 2
14623 68 0
14684 73 0
14849 73 2
14864 68 2
15014 79 0
15105 79 2
15180 79 0
15270 79 2
15331 79 0
15406 79 2
15481 79 0
15572 79 2
16958 74 0
17772 74 2
30084 1 0
30250 1 2
31499 50 0
31665 50 2
32193 192 0
32328 192 2
