0 -837 -648
60 50 0
135 50 2
4007 27 0
4022 27 2
4037 27 0
4052 27 2
4067 27 0
4082 27 2
4097 27 0
4112 27 2
4127 27 0
4142 27 2
4157 27 0
4172 27 2
4187 27 0
4202 27 2
4217 27 0
4232 27 2
4247 27 0
4262 27 2
4277 27 0
4292 27 2
4307 27 0
4322 27 2
4337 27 0
4352 27 2
4367 27 0
4382 27 2
4397 27 0
4412 27 2
4427 27 0
4442 27 2
4457 27 0
4472 27 2
4487 27 0
4502 27 2
4517 27 0
4532 27 2
4547 27 0
4562 27 2
4577 27 0
4592 27 2
4607 27 0
4622 27 2
4637 27 0
4652 27 2
4667 27 0
4682 27 2
4697 27 0
4712 27 2
4727 27 0
4742 27 2
4757 27 0
4772 27 2
4787 27 0
4802 27 2
4817 27 0
4832 27 2
4847 27 0
4862 27 2
4877 27 0
4892 27 2
4907 27 0
4922 27 2
4937 27 0
4952 27 2
4968 27 0
4983 27 2
4998 27 0
5013 27 2
5028 27 0
5043 27 2
5058 27 0
5073 27 2
5088 27 0
5103 27 2
5118 27 0
5133 27 2
5148 27 0
5163 27 2
5178 27 0
5193 27 2
5208 27 0
5223 27 2
5238 27 0
5253 27 2
5268 27 0
5283 27 2
5298 27 0
5313 27 2
5328 27 0
5343 27 2
5358 27 0
5373 27 2
5388 27 0
5403 27 2
5418 27 0
5433 27 2
5448 27 0
5463 27 2
5478 27 0
5493 27 2
5508 27 0
5523 27 2
5539 27 0
5554 27 2
5569 27 0
5584 27 2
5599 27 0
5614 27 2
5629 27 0
5644 27 2
5659 27 0
5675 27 2
5690 27 0
5706 27 2
5721 27 0
5736 27 2
5751 27 0
5766 27 2
5781 27 0
5796 27 2
5811 27 0
5826 27 2
5841 27 0
5856 27 2
5872 27 0
5887 27 2
5902 27 0
5916 27 2
5931 27 0
5946 27 2
5961 27 0
5977 27 2
5992 27 0
6007 27 2
6460 192 0
6580 192 2
6822 69 0
6897 69 2
7533 87 0
8032 87 2
8047 87 0
8077 87 2
9285 74 0
9996 74 2
11064 49 0
11140 49 2
11260 85 0
11321 85 2
11410 85 0
11471 85 2
11516 85 0
11591 85 2
11953 49 0
12013 49 2
12118 49 0
12163 49 2
12450 85 0
12495 85 2
12585 85 0
12630 85 2
12705 85 0
12751 85 2
26616 1 0
26752 1 2
27953 50 0
28120 50 2
28540 192 0
28676 192 2
