0 -710 -482
46 70 0
76 50 0
106 70 2
166 70 0
181 50 2
227 70 2
287 70 0
347 70 2
422 70 0
467 70 2
527 70 0
587 70 2
648 70 0
708 70 2
783 70 0
828 70 2
888 70 0
948 70 2
1008 70 0
1068 70 2
1143 70 0
1188 70 2
1248 70 0
1308 70 2
1368 70 0
1428 70 2
1488 70 0
1548 70 2
1608 70 0
1668 70 2
1728 70 0
1788 70 2
1863 70 0
1908 70 2
1968 70 0
2028 70 2
2088 70 0
2149 70 2
2209 70 0
2269 70 2
2344 70 0
2389 70 2
2464 70 0
2509 70 2
2569 70 0
2629 70 2
2704 70 0
2749 70 2
2824 70 0
2869 70 2
2930 70 0
2990 70 2
3050 70 0
3111 70 2
3171 70 0
3201 27 0
3216 27 2
3231 27 0
3245 27 2
3260 27 0
3275 27 2
3290 27 0
3305 27 2
3320 27 0
3335 27 2
3350 27 0
3365 27 2
3380 27 0
3396 27 2
3411 27 0
3427 27 2
3442 27 0
3457 27 2
3472 27 0
3487 27 2
3502 27 0
3517 27 2
3532 27 0
3547 27 2
3562 27 0
3577 27 2
3592 27 0
3607 27 2
3622 27 0
3637 27 2
3652 27 0
3667 27 2
3682 27 0
3697 27 2
3712 27 0
3727 27 2
3742 27 0
3757 27 2
3772 27 0
3787 27 2
3802 27 0
3817 27 2
3832 27 0
3847 27 2
3863 27 0
3877 27 2
3893 27 0
3907 27 2
3923 27 0
3938 27 2
3953 27 0
3968 27 2
3983 27 0
3998 27 2
4014 27 0
4029 27 2
4044 27 0
4059 27 2
4075 27 0
4090 27 2
4105 27 0
4120 27 2
4135 27 0
4150 27 2
4165 27 0
4180 27 2
4196 27 0
4211 27 2
4226 27 0
4241 27 2
4256 27 0
4271 27 2
4286 27 0
4302 27 2
4317 27 0
4333 27 2
4348 27 0
4363 27 2
4379 27 0
4394 27 2
4409 27 0
4424 27 2
4439 27 0
4455 27 2
4470 27 0
4485 27 2
4500 27 0
4515 27 2
4530 27 0
4545 27 2
4560 27 0
4576 27 2
4591 27 0
4606 27 2
4622 27 0
4637 27 2
4651 27 0
4666 27 2
4682 27 0
4696 27 2
4712 27 0
4726 27 2
4741 27 0
4756 27 2
4771 27 0
4786 27 2
4800 27 0
4815 27 2
4830 27 0
4845 27 2
4860 27 0
4875 27 2
4890 27 0
4905 27 2
4920 27 0
4935 27 2
4950 27 0
4965 27 2
4980 27 0
4995 27 2
5010 27 0
5025 27 2
5040 27 0
5055 27 2
5070 27 0
5085 27 2
5101 27 0
5116 27 2
5131 27 0
5146 27 2
5162 27 0
5177 27 2
5192 27 0
5207 27 2
5222 27 0
5237 27 2
5252 27 0
5267 27 2
5283 27 0
5297 27 2
5313 27 0
5328 27 2
5344 27 0
5359 27 2
5374 27 0
5389 27 2
5404 70 2
5464 70 0
5524 70 2
5585 70 0
5644 70 2
5705 70 0
5765 70 2
5795 192 0
5825 70 0
5885 70 2
5915 192 2
5945 70 0
6006 70 2
6081 70 0
6140 70 2
6185 70 0
6200 69 0
6245 70 2
6291 69 2
6306 70 0
6366 70 2
6440 70 0
6485 70 2
6545 70 0
6606 70 2
6666 70 0
6725 70 2
6785 70 0
6845 70 2
6906 70 0
6966 70 2
7026 70 0
7101 70 2
7146 70 0
7208 70 2
7268 70 0
7328 70 2
7388 70 0
7448 70 2
7508 70 0
7569 70 2
7629 70 0
7690 70 2
7765 70 0
7810 70 2
7840 87 0
7870 70 0
7930 70 2
7991 70 0
8052 70 2
8112 70 0
8172 70 2
8233 70 0
8293 70 2
8353 70 0
8414 70 2
8474 70 0
8550 70 2
8610 70 0
8655 70 2
8730 70 0
8760 87 2
8775 70 2
8835 70 0
8897 70 2
8957 70 0
9018 70 2
9078 70 0
9139 70 2
9214 70 0
9259 70 2
9319 70 0
9379 70 2
9453 70 0
9498 70 2
9573 70 0
9619 70 2
9680 70 0
9740 70 2
9801 70 0
9861 70 2
9921 70 0
9983 70 2
10043 70 0
10103 70 2
10164 70 0
10225 70 2
10300 70 0
10346 70 2
10421 70 0
10466 70 2
10542 70 0
10603 70 2
10618 74 0
10648 70 0
10709 70 2
10724 74 2
10769 70 0
10830 70 2
10845 74 0
10890 70 0
10950 70 2
10950 74 2
11010 70 0
11071 70 2
11131 49 0
11131 70 0
11192 49 2
11192 70 2
11266 70 0
11312 70 2
11343 85 0
11388 70 0
11418 85 2
11433 70 2
11493 70 0
11493 85 0
11553 70 2
11553 85 2
11613 70 0
11613 85 0
11673 70 2
11703 85 2
11733 70 0
11793 70 2
11853 70 0
11913 70 2
11973 70 0
11989 49 0
12034 70 2
12064 49 2
12109 70 0
12139 49 0
12155 70 2
12200 49 2
12215 70 0
12275 70 2
12335 70 0
12365 85 0
12395 70 2
12425 85 2
12455 70 0
12501 85 0
12515 70 2
12561 85 2
12576 70 0
12635 70 2
12635 85 0
12681 85 2
12695 70 0
12741 85 0
12755 70 2
12815 70 0
12830 85 2
12876 70 2
12937 70 0
12997 70 2
13058 70 0
13118 70 2
13178 70 0
13238 70 2
13299 70 0
13358 70 2
13418 70 0
13477 70 2
13538 70 0
13599 70 2
13674 70 0
13734 70 2
13779 70 0
13840 70 2
13900 70 0
13960 70 2
14021 70 0
14080 70 2
14141 70 0
14200 70 2
14261 70 0
14321 70 2
14380 70 0
14441 70 2
14516 70 0
14561 70 2
14620 70 0
14681 70 2
14742 70 0
14802 70 2
14862 70 0
14923 70 2
14983 70 0
15044 70 2
15104 70 0
15165 70 2
15225 70 0
15285 70 2
15360 70 0
15406 70 2
15480 70 0
15525 70 2
15586 70 0
15646 70 2
15706 70 0
15767 70 2
15827 70 0
15888 70 2
15949 70 0
16009 70 2
16069 70 0
16145 70 2
16206 70 0
16252 70 2
16312 70 0
16372 70 2
16433 70 0
16493 70 2
16568 70 0
16614 70 2
16673 70 0
16733 70 2
16793 70 0
16853 70 2
16913 70 0
16974 70 2
17049 70 0
17110 70 2
17155 70 0
17216 70 2
17275 70 0
17337 70 2
17397 70 0
17457 70 2
17517 70 0
17578 70 2
17653 70 0
17698 70 2
17759 70 0
17819 70 2
17880 70 0
17940 70 2
18000 70 0
18061 70 2
18122 70 0
18182 70 2
18242 70 0
18302 70 2
18363 70 0
18423 70 2
18484 70 0
18544 70 2
18604 70 0
18664 70 2
18724 70 0
18784 70 2
18860 70 0
18905 70 2
18964 70 0
19024 70 2
19084 70 0
19144 70 2
19205 70 0
19265 70 2
19325 70 0
19385 70 2
19444 70 0
19506 70 2
19580 70 0
19626 70 2
19686 70 0
19746 70 2
19807 70 0
19866 70 2
19927 70 0
19987 70 2
20047 70 0
20108 70 2
20168 70 0
20229 70 2
20289 70 0
20349 70 2
20424 70 0
20469 70 2
20530 70 0
20590 70 2
20650 70 0
20710 70 2
20771 70 0
20831 70 2
20906 70 0
20952 70 2
21011 70 0
21072 70 2
21148 70 0
21193 70 2
21253 70 0
21313 70 2
21374 70 0
21435 70 2
21495 70 0
21555 70 2
21615 70 0
21675 70 2
21735 70 0
21795 70 2
21855 70 0
21915 70 2
21975 70 0
22035 70 2
22110 70 0
22155 70 2
22216 70 0
22277 70 2
22337 70 0
22397 70 2
22457 70 0
22518 70 2
22578 70 0
22638 70 2
22697 70 0
22757 70 2
22819 70 0
22879 70 2
22956 70 0
23001 70 2
23061 70 0
23123 70 2
23183 70 0
23244 70 2
23304 70 0
23364 70 2
23425 70 0
23486 70 2
23545 70 0
23605 70 2
23666 70 0
23726 70 2
23801 70 0
23861 70 2
23921 70 0
23966 70 2
24027 70 0
24087 70 2
24148 70 0
24224 70 2
24268 70 0
24328 70 2
24388 70 0
24449 70 2
24509 70 0
24568 70 2
24644 70 0
24704 70 2
24750 70 0
24810 70 2
24870 70 0
24930 70 2
24990 70 0
25050 70 2
25112 70 0
25171 70 2
25231 70 0
25291 70 2
25367 70 0
25412 70 2
25472 70 0
25547 70 2
25592 70 0
25654 70 2
25715 70 0
25774 70 2
25849 70 0
25895 70 2
25971 70 0
26015 70 2
26076 70 0
26137 70 2
26197 70 0
26258 70 2
26319 70 0
26380 70 2
26440 70 0
26517 70 2
26564 70 0
26624 70 2
26685 70 0
26744 70 2
26805 70 0
26865 70 2
26925 70 0
26986 70 2
27045 70 0
27090 1 0
27105 70 2
27166 70 0
27225 70 2
27300 70 0
27315 1 2
27361 70 2
27421 70 0
27466 70 2
27526 70 0
27586 70 2
27647 70 0
27706 70 2
27766 70 0
27826 70 2
27886 70 0
27946 70 2
28007 70 0
28082 70 2
28142 70 0
28187 70 2
28248 70 0
28307 70 2
28367 70 0
28427 70 2
28457 50 0
28488 70 0
28548 70 2
28594 50 2
28609 70 0
28669 70 2
28729 70 0
28789 70 2
28850 70 0
28910 70 2
28925 192 0
28971 70 0
29031 70 2
29061 192 2
29092 70 0
29152 70 2
29212 70 0
29272 70 2
29332 70 0
29392 70 2
29454 70 0
29515 70 2
29575 70 0
29635 70 2
29695 70 0
29755 70 2
29817 70 0
29878 70 2
29953 70 0
29997 70 2
30058 70 0
30119 70 2
30178 70 0
30239 70 2
30314 70 0
30360 70 2
30420 70 0
30480 70 2
30556 70 0
30600 70 2
30661 70 0
30720 70 2
30781 70 0
30841 70 2
30901 70 0
30962 70 2
31022 70 0
31083 70 2
31144 70 0
31204 70 2
31265 70 0
31326 70 2
31387 70 0
31447 70 2
31508 70 0
31568 70 2
31643 70 0
31688 70 2
31750 70 0
31810 70 2
31869 70 0
31930 70 2
31989 70 0
