0 -639 -617
105 50 0
210 50 2
3214 27 0
3229 27 2
3244 27 0
3259 27 2
3274 27 0
3289 27 2
3304 27 0
3319 27 2
3334 27 0
3349 27 2
3364 27 0
3379 27 2
3394 27 0
3410 27 2
3425 27 0
3440 27 2
3455 27 0
3470 27 2
3485 27 0
3500 27 2
3515 27 0
3530 27 2
3545 27 0
3560 27 2
3575 27 0
3590 27 2
3605 27 0
3621 27 2
3636 27 0
3651 27 2
3666 27 0
3681 27 2
3696 27 0
3711 27 2
3726 27 0
3741 27 2
3756 27 0
3771 27 2
3786 27 0
3801 27 2
3816 27 0
3831 27 2
3846 27 0
3861 27 2
3876 27 0
3891 27 2
3907 27 0
3922 27 2
3937 27 0
3952 27 2
3967 27 0
3982 27 2
3997 27 0
4012 27 2
4027 27 0
4042 27 2
4057 27 0
4072 27 2
4087 27 0
4102 27 2
4117 27 0
4132 27 2
4147 27 0
4162 27 2
4177 27 0
4192 27 2
4207 27 0
4222 27 2
4237 27 0
4252 27 2
4267 27 0
4282 27 2
4297 27 0
4312 27 2
4327 27 0
4342 27 2
4357 27 0
4372 27 2
4387 27 0
4402 27 2
4417 27 0
4432 27 2
4447 27 0
4462 27 2
4477 27 0
4492 27 2
4507 27 0
4522 27 2
4537 27 0
4552 27 2
4567 27 0
4582 27 2
4597 27 0
4612 27 2
4627 27 0
4642 27 2
4657 27 0
4672 27 2
4687 27 0
4702 27 2
4717 27 0
4732 27 2
4747 27 0
4762 27 2
4777 27 0
4792 27 2
4807 27 0
4822 27 2
4837 27 0
4852 27 2
4867 27 0
4882 27 2
4897 27 0
4912 27 2
4927 27 0
4942 27 2
4958 27 0
4973 27 2
4988 27 0
5003 27 2
5018 27 0
5033 27 2
5048 27 0
5063 27 2
5078 27 0
5093 27 2
5108 27 0
5123 27 2
5138 27 0
5153 27 2
5168 27 0
5183 27 2
5198 27 0
5213 27 2
5228 27 0
5243 27 2
5259 27 0
5274 27 2
5289 27 0
5304 27 2
5319 27 0
5334 27 2
5349 27 0
5364 27 2
5379 27 0
5394 27 2
5955 192 0
6075 192 2
6724 69 0
6769 69 2
7329 87 0
7586 87 2
8508 74 0
9248 74 2
10337 49 0
10397 49 2
10878 85 0
10938 85 2
11436 49 0
11497 49 2
11572 49 0
11617 49 2
12461 85 0
12537 85 2
12613 85 0
12673 85 2
12749 85 0
12809 85 2
12869 85 0
12930 85 2
13005 85 0
13065 85 2
13126 85 0
13186 85 2
13518 74 0
13684 68 0
14812 68 2
14888 74 2
15129 74 0
15220 74 2
15340 74 0
15445 74 2
15762 74 0
15823 74 2
15944 74 0
16004 74 2
16109 74 0
16169 74 2
16276 74 0
16336 74 2
16442 74 0
16502 74 2
16592 74 0
16652 74 2
16742 74 0
16817 74 2
16907 74 0
16967 74 2
17073 74 0
17134 74 2
17254 74 0
17314 74 2
17404 74 0
17464 74 2
17570 74 0
17631 74 2
17737 74 0
17797 74 2
17903 74 0
17964 74 2
18056 74 0
18131 74 2
18222 74 0
18282 74 2
18387 74 0
18448 74 2
27188 1 0
27385 1 2
28676 50 0
28842 50 2
29264 192 0
29414 192 2
