0 -602 -479
90 50 0
165 50 2
3214 27 0
3229 27 2
3245 27 0
3260 27 2
3275 27 0
3290 27 2
3305 27 0
3321 27 2
3336 27 0
3351 27 2
3366 27 0
3381 27 2
3396 27 0
3411 27 2
3427 27 0
3442 27 2
3457 27 0
3472 27 2
3487 27 0
3502 27 2
3517 27 0
3532 27 2
3547 27 0
3562 27 2
3577 27 0
3591 27 2
3606 27 0
3621 27 2
3636 27 0
3651 27 2
3666 27 0
3681 27 2
3696 27 0
3711 27 2
3726 27 0
3741 27 2
3756 27 0
3771 27 2
3786 27 0
3801 27 2
3816 27 0
3831 27 2
3846 27 0
3861 27 2
3876 27 0
3891 27 2
3906 27 0
3921 27 2
3936 27 0
3951 27 2
3966 27 0
3981 27 2
3996 27 0
4011 27 2
4026 27 0
4041 27 2
4056 27 0
4072 27 2
4087 27 0
4102 27 2
4118 27 0
4132 27 2
4147 27 0
4162 27 2
4177 27 0
4193 27 2
4208 27 0
4223 27 2
4238 27 0
4253 27 2
4268 27 0
4283 27 2
4298 27 0
4313 27 2
4328 27 0
4343 27 2
4358 27 0
4373 27 2
4388 27 0
4403 27 2
4418 27 0
4433 27 2
4448 27 0
4464 27 2
4479 27 0
4494 27 2
4510 27 0
4525 27 2
4540 27 0
4555 27 2
4570 27 0
4585 27 2
4601 27 0
4616 27 2
4631 27 0
4646 27 2
4661 27 0
4676 27 2
4691 27 0
4706 27 2
4721 27 0
4736 27 2
4752 27 0
4767 27 2
4782 27 0
4797 27 2
4812 27 0
4827 27 2
4842 27 0
4857 27 2
4872 27 0
4887 27 2
4902 27 0
4917 27 2
4932 27 0
4947 27 2
4962 27 0
4977 27 2
4992 27 0
5007 27 2
5022 27 0
5037 27 2
5052 27 0
5067 27 2
5082 27 0
5097 27 2
5112 27 0
5127 27 2
5142 27 0
5158 27 2
5173 27 0
5188 27 2
5203 27 0
5218 27 2
5233 27 0
5248 27 2
5263 27 0
5278 27 2
5293 27 0
5308 27 2
5323 27 0
5338 27 2
5353 27 0
5368 27 2
5383 27 0
5399 27 2
6047 192 0
6152 192 2
6423 69 0
6468 69 2
6830 69 0
6876 69 2
7282 87 0
7419 87 2
7691 87 0
8944 87 2
9139 85 0
9230 85 2
10918 49 0
11038 49 2
11686 68 0
11701 87 0
11731 73 0
11791 68 2
11806 73 2
11806 87 2
11881 85 0
11941 85 2
12001 85 0
12061 85 2
12107 85 0
12168 85 2
12393 49 0
12498 49 2
13101 74 0
14291 74 2
14443 65 0
14503 87 0
14563 73 0
14713 73 2
14729 87 2
14759 65 2
14986 79 0
15061 79 2
15136 79 0
15211 79 2
15286 79 0
15362 79 2
16857 74 0
17234 74 2
18817 74 0
20142 74 2
27905 1 0
28011 1 2
28540 1 0
28660 1 2
29939 50 0
30074 50 2
30741 192 0
30861 192 2
