0 -663 -609
75 50 0
181 50 2
3214 27 0
3229 27 2
3244 27 0
3259 27 2
3274 27 0
3289 27 2
3304 27 0
3319 27 2
3334 27 0
3349 27 2
3364 27 0
3379 27 2
3395 27 0
3410 27 2
3425 27 0
3440 27 2
3455 27 0
3470 27 2
3485 27 0
3500 27 2
3515 27 0
3530 27 2
3545 27 0
3560 27 2
3575 27 0
3590 27 2
3605 27 0
3620 27 2
3635 27 0
3650 27 2
3666 27 0
3681 27 2
3696 27 0
3711 27 2
3726 27 0
3741 27 2
3756 27 0
3771 27 2
3786 27 0
3801 27 2
3816 27 0
3831 27 2
3846 27 0
3861 27 2
3876 27 0
3892 27 2
3908 27 0
3922 27 2
3937 27 0
3952 27 2
3967 27 0
3982 27 2
3997 27 0
4012 27 2
4027 27 0
4042 27 2
4057 27 0
4072 27 2
4088 27 0
4103 27 2
4118 27 0
4133 27 2
4148 27 0
4163 27 2
4178 27 0
4193 27 2
4208 27 0
4223 27 2
4239 27 0
4253 27 2
4268 27 0
4283 27 2
4298 27 0
4314 27 2
4329 27 0
4343 27 2
4358 27 0
4373 27 2
4389 27 0
4404 27 2
4419 27 0
4434 27 2
4448 27 0
4463 27 2
4479 27 0
4494 27 2
4509 27 0
4524 27 2
4539 27 0
4554 27 2
4569 27 0
4584 27 2
4599 27 0
4615 27 2
4630 27 0
4645 27 2
4661 27 0
4676 27 2
4690 27 0
4705 27 2
4720 27 0
4735 27 2
4750 27 0
4765 27 2
4780 27 0
4795 27 2
4810 27 0
4824 27 2
4839 27 0
4854 27 2
4870 27 0
4885 27 2
4900 27 0
4916 27 2
4931 27 0
4946 27 2
4961 27 0
4976 27 2
4991 27 0
5006 27 2
5021 27 0
5037 27 2
5052 27 0
5067 27 2
5082 27 0
5097 27 2
5113 27 0
5128 27 2
5143 27 0
5158 27 2
5173 27 0
5188 27 2
5203 27 0
5218 27 2
5234 27 0
5248 27 2
5263 27 0
5279 27 2
5294 27 0
5309 27 2
5324 27 0
5338 27 2
5353 27 0
5368 27 2
5383 27 0
5398 27 2
5820 192 0
5940 192 2
6227 69 0
6318 69 2
6845 87 0
8609 87 2
10498 74 0
10618 74 2
10829 85 0
10904 85 2
10979 85 0
11024 85 2
11099 49 0
11160 49 2
11764 85 0
11809 85 2
11899 85 0
11944 85 2
12020 85 0
12081 85 2
12155 85 0
12216 85 2
12291 85 0
12352 85 2
12427 85 0
12473 85 2
12548 85 0
12593 85 2
12653 85 0
12714 85 2
12879 49 0
12939 49 2
13604 74 0
14550 74 2
14928 79 0
15034 79 2
16576 74 0
18093 74 2
18214 83 0
18260 65 0
18379 73 0
18576 73 2
18635 74 0
18650 83 2
18666 65 2
19891 74 2
32435 1 0
32556 1 2
34059 50 0
34226 50 2
34814 192 0
34949 192 2
