0 -753 -515
105 50 0
226 50 2
3215 27 0
3230 27 2
3245 27 0
3260 27 2
3275 27 0
3290 27 2
3305 27 0
3320 27 2
3335 27 0
3350 27 2
3365 27 0
3380 27 2
3395 27 0
3410 27 2
3425 27 0
3440 27 2
3455 27 0
3470 27 2
3485 27 0
3500 27 2
3515 27 0
3530 27 2
3545 27 0
3560 27 2
3575 27 0
3590 27 2
3605 27 0
3620 27 2
3635 27 0
3650 27 2
3665 27 0
3680 27 2
3695 27 0
3710 27 2
3725 27 0
3740 27 2
3755 27 0
3770 27 2
3785 27 0
3801 27 2
3816 27 0
3831 27 2
3846 27 0
3861 27 2
3876 27 0
3891 27 2
3906 27 0
3920 27 2
3936 27 0
3951 27 2
3966 27 0
3981 27 2
3997 27 0
4012 27 2
4027 27 0
4042 27 2
4057 27 0
4072 27 2
4088 27 0
4103 27 2
4118 27 0
4133 27 2
4149 27 0
4164 27 2
4179 27 0
4195 27 2
4210 27 0
4225 27 2
4240 27 0
4255 27 2
4270 27 0
4286 27 2
4301 27 0
4316 27 2
4331 27 0
4346 27 2
4361 27 0
4376 27 2
4391 27 0
4406 27 2
4421 27 0
4436 27 2
4451 27 0
4466 27 2
4481 27 0
4496 27 2
4511 27 0
4526 27 2
4541 27 0
4556 27 2
4572 27 0
4587 27 2
4602 27 0
4617 27 2
4633 27 0
4648 27 2
4663 27 0
4678 27 2
4693 27 0
4708 27 2
4723 27 0
4738 27 2
4753 27 0
4768 27 2
4783 27 0
4799 27 2
4814 27 0
4829 27 2
4844 27 0
4859 27 2
4875 27 0
4889 27 2
4904 27 0
4919 27 2
4934 27 0
4949 27 2
4964 27 0
4979 27 2
4994 27 0
5009 27 2
5024 27 0
5039 27 2
5054 27 0
5069 27 2
5084 27 0
5100 27 2
5115 27 0
5129 27 2
5144 27 0
5159 27 2
5174 27 0
5190 27 2
5204 27 0
5220 27 2
5235 27 0
5250 27 2
5265 27 0
5280 27 2
5295 27 0
5310 27 2
5325 27 0
5340 27 2
5355 27 0
5370 27 2
5386 27 0
5401 27 2
5731 192 0
5805 192 2
6487 85 0
6531 85 2
6637 85 0
6712 85 2
6802 85 0
6863 85 2
6953 85 0
7027 85 2
7102 85 0
7177 85 2
7253 85 0
7328 85 2
7403 85 0
7464 85 2
7553 85 0
7614 85 2
7690 85 0
7750 85 2
7841 85 0
7887 85 2
7962 85 0
8022 85 2
8113 85 0
8158 85 2
8234 85 0
8294 85 2
8369 85 0
8429 85 2
8943 79 0
9003 79 2
9095 79 0
9155 79 2
9245 79 0
9305 79 2
9396 79 0
9487 79 2
9502 79 0
9607 79 2
9667 79 0
9727 79 2
14970 50 0
15060 50 2
15707 87 0
15722 68 0
16053 87 2
16610 87 0
16792 68 2
16792 87 2
18239 69 0
18572 69 2
20179 85 0
20269 85 2
20708 68 0
20723 87 0
20829 73 0
20965 73 2
21011 73 0
21116 73 2
21176 73 0
21252 73 2
21311 73 0
21386 73 2
21417 87 2
21448 73 0
21509 73 2
21569 73 0
21675 73 2
21796 74 0
21811 68 2
21886 74 2
21961 74 0
22053 74 2
22113 74 0
22203 74 2
22249 74 0
22354 74 2
22400 49 0
22475 49 2
22731 74 0
23561 74 2
24348 49 0
24424 49 2
33451 1 0
33618 1 2
34025 1 0
34161 1 2
35244 50 0
35410 50 2
35954 192 0
36106 192 2
