0 -659 -390
105 50 0
211 50 2
3214 27 0
3230 27 2
3245 27 0
3260 27 2
3275 27 0
3290 27 2
3305 27 0
3320 27 2
3335 27 0
3350 27 2
3365 27 0
3380 27 2
3395 27 0
3410 27 2
3425 27 0
3440 27 2
3455 27 0
3470 27 2
3485 27 0
3500 27 2
3515 27 0
3530 27 2
3545 27 0
3560 27 2
3575 27 0
3590 27 2
3606 27 0
3621 27 2
3637 27 0
3652 27 2
3666 27 0
3682 27 2
3697 27 0
3712 27 2
3727 27 0
3742 27 2
3757 27 0
3772 27 2
3787 27 0
3802 27 2
3817 27 0
3832 27 2
3847 27 0
3862 27 2
3877 27 0
3892 27 2
3907 27 0
3922 27 2
3937 27 0
3952 27 2
3967 27 0
3982 27 2
3997 27 0
4013 27 2
4028 27 0
4043 27 2
4058 27 0
4073 27 2
4088 27 0
4103 27 2
4118 27 0
4133 27 2
4148 27 0
4163 27 2
4179 27 0
4193 27 2
4209 27 0
4224 27 2
4239 27 0
4254 27 2
4270 27 0
4285 27 2
4300 27 0
4315 27 2
4330 27 0
4345 27 2
4361 27 0
4375 27 2
4390 27 0
4405 27 2
4421 27 0
4435 27 2
4451 27 0
4466 27 2
4481 27 0
4496 27 2
4511 27 0
4526 27 2
4541 27 0
4556 27 2
4571 27 0
4586 27 2
4601 27 0
4616 27 2
4631 27 0
4646 27 2
4661 27 0
4676 27 2
4691 27 0
4707 27 2
4722 27 0
4737 27 2
4752 27 0
4768 27 2
4783 27 0
4798 27 2
4813 27 0
4828 27 2
4843 27 0
4858 27 2
4873 27 0
4888 27 2
4903 27 0
4918 27 2
4933 27 0
4948 27 2
4963 27 0
4978 27 2
4993 27 0
5008 27 2
5023 27 0
5038 27 2
5053 27 0
5068 27 2
5083 27 0
5099 27 2
5114 27 0
5129 27 2
5144 27 0
5159 27 2
5174 27 0
5189 27 2
5204 27 0
5219 27 2
5235 27 0
5250 27 2
5265 27 0
5280 27 2
5295 27 0
5310 27 2
5325 27 0
5340 27 2
5355 27 0
5370 27 2
5385 27 0
5400 27 2
5792 192 0
5913 192 2
6215 69 0
6290 69 2
6863 87 0
6908 69 0
6954 69 2
7315 81 0
7361 81 2
8989 87 2
9139 73 0
11371 73 2
11764 49 0
11856 49 2
12443 87 0
12549 73 0
12653 73 2
12653 87 2
12699 73 0
12759 73 2
12879 49 0
12955 49 2
13015 49 0
13076 49 2
13272 85 0
13349 85 2
13410 85 0
13470 85 2
13545 85 0
13620 85 2
13665 85 0
13725 85 2
13786 85 0
13846 85 2
13906 85 0
13997 85 2
14463 74 0
16138 74 2
29908 1 0
30120 1 2
31251 50 0
31386 50 2
31868 192 0
31973 192 2
