0 -757 -466
120 50 0
210 50 2
3214 27 0
3229 27 2
3244 27 0
3259 27 2
3274 27 0
3289 27 2
3304 27 0
3319 27 2
3334 27 0
3349 27 2
3364 27 0
3379 27 2
3394 27 0
3409 27 2
3424 27 0
3439 27 2
3454 27 0
3469 27 2
3484 27 0
3499 27 2
3514 27 0
3529 27 2
3544 27 0
3559 27 2
3574 27 0
3589 27 2
3604 27 0
3619 27 2
3634 27 0
3649 27 2
3664 27 0
3679 27 2
3694 27 0
3709 27 2
3724 27 0
3739 27 2
3754 27 0
3769 27 2
3784 27 0
3799 27 2
3814 27 0
3829 27 2
3844 27 0
3859 27 2
3874 27 0
3889 27 2
3904 27 0
3919 27 2
3934 27 0
3949 27 2
3964 27 0
3979 27 2
3994 27 0
4009 27 2
4024 27 0
4039 27 2
4055 27 0
4070 27 2
4085 27 0
4100 27 2
4115 27 0
4130 27 2
4145 27 0
4161 27 2
4176 27 0
4191 27 2
4206 27 0
4221 27 2
4236 27 0
4251 27 2
4266 27 0
4281 27 2
4296 27 0
4311 27 2
4326 27 0
4341 27 2
4356 27 0
4371 27 2
4386 27 0
4401 27 2
4416 27 0
4431 27 2
4446 27 0
4461 27 2
4476 27 0
4491 27 2
4506 27 0
4521 27 2
4536 27 0
4551 27 2
4566 27 0
4581 27 2
4596 27 0
4611 27 2
4626 27 0
4641 27 2
4656 27 0
4671 27 2
4686 27 0
4701 27 2
4716 27 0
4731 27 2
4746 27 0
4761 27 2
4776 27 0
4791 27 2
4806 27 0
4821 27 2
4836 27 0
4851 27 2
4866 27 0
4881 27 2
4897 27 0
4912 27 2
4926 27 0
4941 27 2
4956 27 0
4971 27 2
4987 27 0
5002 27 2
5017 27 0
5031 27 2
5047 27 0
5061 27 2
5076 27 0
5092 27 2
5107 27 0
5121 27 2
5137 27 0
5152 27 2
5167 27 0
5181 27 2
5196 27 0
5211 27 2
5226 27 0
5242 27 2
5257 27 0
5272 27 2
5287 27 0
5302 27 2
5317 27 0
5332 27 2
5347 27 0
5362 27 2
5377 27 0
5393 27 2
5967 192 0
6102 192 2
6991 50 0
7066 50 2
7156 50 0
7216 50 2
7291 50 0
7352 50 2
7443 50 0
7504 50 2
7578 50 0
7638 50 2
7700 50 0
7745 50 2
7910 83 0
8982 83 2
9148 87 0
9193 65 0
9269 69 0
9284 65 2
9345 69 2
9390 87 2
10600 79 0
10650 79 2
11645 74 0
11765 74 2
12230 49 0
12305 49 2
12366 49 0
12426 49 2
12486 49 0
12561 49 2
12713 85 0
12803 74 0
12878 85 2
12938 79 0
13058 74 2
13088 79 2
16101 74 0
17005 49 0
17034 74 2
17064 49 2
17139 49 0
17184 49 2
17244 49 0
17305 49 2
17350 49 0
17411 49 2
17441 85 0
17456 49 0
17516 49 2
17516 85 2
17576 85 0
17651 85 2
17711 85 0
17741 85 2
17816 85 0
17876 85 2
17921 85 0
18012 85 2
18057 85 0
18133 85 2
18224 85 0
18300 85 2
18361 85 0
18466 85 2
18527 85 0
18617 85 2
18691 85 0
18781 85 2
18933 85 0
19024 85 2
19100 85 0
19190 85 2
19281 85 0
19356 85 2
19431 85 0
19506 85 2
19582 85 0
19656 85 2
19716 85 0
19807 85 2
19867 85 0
19942 85 2
20017 85 0
20092 85 2
20168 85 0
20243 85 2
20318 85 0
20408 85 2
20484 85 0
20560 85 2
20620 85 0
20695 85 2
20785 85 0
20846 85 2
20922 85 0
20998 85 2
21073 85 0
21148 85 2
21238 85 0
21313 85 2
21389 85 0
21479 85 2
21554 85 0
21629 85 2
21704 85 0
21795 85 2
21855 85 0
21931 85 2
22006 85 0
22081 85 2
22126 85 0
22231 85 2
22502 74 0
22592 74 2
22683 74 0
22758 74 2
22848 74 0
22923 74 2
22998 74 0
23074 74 2
23164 74 0
23239 74 2
23315 74 0
23405 74 2
23465 74 0
23571 74 2
23617 68 0
23647 79 0
23812 79 2
24158 79 0
24248 79 2
24475 68 2
24626 79 0
24731 79 2
35774 1 0
36044 1 2
37530 50 0
37680 50 2
38221 192 0
38372 192 2
