0 -478 -235
151 50 0
211 50 2
3201 27 0
3216 27 2
3231 27 0
3246 27 2
3261 27 0
3276 27 2
3291 27 0
3306 27 2
3321 27 0
3336 27 2
3351 27 0
3366 27 2
3381 27 0
3397 27 2
3412 27 0
3427 27 2
3442 27 0
3457 27 2
3472 27 0
3487 27 2
3502 27 0
3517 27 2
3532 27 0
3547 27 2
3562 27 0
3577 27 2
3592 27 0
3607 27 2
3622 27 0
3637 27 2
3652 27 0
3667 27 2
3682 27 0
3697 27 2
3712 27 0
3727 27 2
3742 27 0
3757 27 2
3772 27 0
3787 27 2
3802 27 0
3817 27 2
3832 27 0
3847 27 2
3862 27 0
3877 27 2
3892 27 0
3907 27 2
3922 27 0
3937 27 2
3952 27 0
3968 27 2
3983 27 0
3999 27 2
4013 27 0
4029 27 2
4044 27 0
4059 27 2
4074 27 0
4089 27 2
4105 27 0
4120 27 2
4135 27 0
4150 27 2
4165 27 0
4181 27 2
4196 27 0
4211 27 2
4226 27 0
4241 27 2
4256 27 0
4270 27 2
4285 27 0
4300 27 2
4315 27 0
4330 27 2
4345 27 0
4361 27 2
4376 27 0
4391 27 2
4406 27 0
4421 27 2
4436 27 0
4451 27 2
4466 27 0
4481 27 2
4496 27 0
4511 27 2
4526 27 0
4541 27 2
4556 27 0
4571 27 2
4586 27 0
4601 27 2
4616 27 0
4631 27 2
4646 27 0
4661 27 2
4676 27 0
4691 27 2
4706 27 0
4722 27 2
4737 27 0
4752 27 2
4767 27 0
4782 27 2
4797 27 0
4812 27 2
4827 27 0
4842 27 2
4857 27 0
4872 27 2
4887 27 0
4903 27 2
4918 27 0
4933 27 2
4948 27 0
4963 27 2
4978 27 0
4994 27 2
5009 27 0
5024 27 2
5039 27 0
5054 27 2
5069 27 0
5085 27 2
5100 27 0
5115 27 2
5130 27 0
5145 27 2
5160 27 0
5175 27 2
5191 27 0
5205 27 2
5220 27 0
5235 27 2
5250 27 0
5265 27 2
5280 27 0
5295 27 2
5310 27 0
5325 27 2
5341 27 0
5355 27 2
5370 27 0
5385 27 2
5792 192 0
5913 192 2
7105 50 0
7195 50 2
7332 50 0
7393 50 2
7498 50 0
7574 50 2
7679 50 0
7755 50 2
7846 50 0
7921 50 2
8011 50 0
8071 50 2
8162 50 0
8238 50 2
8312 50 0
8387 50 2
8689 69 0
8764 69 2
8899 83 0
9352 83 2
9953 68 0
10013 68 2
11510 83 0
11525 68 0
11570 73 0
11783 68 2
11798 73 2
11798 83 2
12568 49 0
12614 49 2
12689 49 0
12764 49 2
13201 65 0
13247 87 0
13323 73 0
13429 87 2
13444 65 2
13444 73 2
13520 85 0
13595 85 2
13640 85 0
13700 85 2
13745 85 0
13820 85 2
13910 49 0
14000 49 2
14060 85 0
14120 85 2
14196 85 0
14256 85 2
14331 85 0
14391 85 2
14466 85 0
14527 85 2
14602 85 0
14692 85 2
14979 79 0
15039 79 2
15144 79 0
15219 79 2
15294 79 0
15369 79 2
15444 79 0
15520 79 2
15610 79 0
15671 79 2
15762 79 0
15807 79 2
15883 79 0
15973 79 2
21061 73 0
21167 73 2
21212 74 0
21499 83 0
21952 68 0
22223 68 2
22223 83 2
23535 50 0
23565 74 2
23610 50 2
27787 83 0
27801 68 0
27832 73 0
27922 74 0
27983 83 2
27998 68 2
27998 73 2
28027 74 2
28134 85 0
28225 85 2
28285 85 0
28362 85 2
28482 49 0
28602 49 2
29038 65 0
29159 73 0
29339 73 2
29369 65 2
31169 83 0
31214 73 0
31501 83 2
31516 73 2
37617 1 0
37906 1 2
39200 50 0
39366 50 2
39985 192 0
40196 192 2
