0 -746 -648
90 50 0
226 50 2
3201 27 0
3216 27 2
3231 27 0
3246 27 2
3261 27 0
3276 27 2
3291 27 0
3307 27 2
3322 27 0
3337 27 2
3352 27 0
3367 27 2
3382 27 0
3397 27 2
3412 27 0
3427 27 2
3442 27 0
3457 27 2
3472 27 0
3487 27 2
3502 27 0
3517 27 2
3532 27 0
3547 27 2
3562 27 0
3577 27 2
3592 27 0
3607 27 2
3622 27 0
3637 27 2
3652 27 0
3667 27 2
3682 27 0
3697 27 2
3712 27 0
3727 27 2
3742 27 0
3757 27 2
3772 27 0
3787 27 2
3802 27 0
3817 27 2
3832 27 0
3847 27 2
3862 27 0
3877 27 2
3892 27 0
3907 27 2
3922 27 0
3937 27 2
3952 27 0
3967 27 2
3982 27 0
3997 27 2
4012 27 0
4027 27 2
4042 27 0
4057 27 2
4072 27 0
4087 27 2
4103 27 0
4118 27 2
4133 27 0
4148 27 2
4163 27 0
4178 27 2
4194 27 0
4209 27 2
4224 27 0
4239 27 2
4254 27 0
4269 27 2
4284 27 0
4299 27 2
4314 27 0
4329 27 2
4345 27 0
4360 27 2
4375 27 0
4390 27 2
4405 27 0
4420 27 2
4436 27 0
4451 27 2
4466 27 0
4481 27 2
4496 27 0
4511 27 2
4526 27 0
4541 27 2
4556 27 0
4571 27 2
4586 27 0
4601 27 2
4616 27 0
4631 27 2
4646 27 0
4661 27 2
4676 27 0
4691 27 2
4706 27 0
4721 27 2
4736 27 0
4751 27 2
4766 27 0
4781 27 2
4796 27 0
4811 27 2
4826 27 0
4841 27 2
4856 27 0
4871 27 2
4886 27 0
4901 27 2
4916 27 0
4931 27 2
4946 27 0
4961 27 2
4976 27 0
4991 27 2
5007 27 0
5022 27 2
5037 27 0
5052 27 2
5067 27 0
5082 27 2
5097 27 0
5112 27 2
5127 27 0
5142 27 2
5157 27 0
5172 27 2
5187 27 0
5202 27 2
5218 27 0
5233 27 2
5249 27 0
5263 27 2
5279 27 0
5294 27 2
5309 27 0
5324 27 2
5339 27 0
5354 27 2
5369 27 0
5384 27 2
5398 27 0
5413 27 2
5866 192 0
5988 192 2
7333 49 0
7408 49 2
7514 49 0
7604 49 2
7680 49 0
7785 49 2
7860 49 0
7965 49 2
8025 49 0
8131 49 2
8206 49 0
8281 49 2
8341 49 0
8447 49 2
8597 83 0
10147 83 2
10298 87 0
10541 73 0
10541 87 2
11976 73 2
12307 49 0
12382 49 2
12442 49 0
12532 49 2
13002 68 0
13002 87 0
13078 73 0
13153 68 2
13153 73 2
13153 87 2
13168 73 0
13273 73 2
13333 49 0
13393 49 2
13469 49 0
13544 49 2
13589 85 0
13634 85 2
13724 85 0
13770 85 2
13846 85 0
13891 85 2
13967 85 0
14027 85 2
14238 79 0
14329 79 2
14404 79 0
14480 79 2
14555 79 0
14630 79 2
14705 79 0
14780 79 2
14871 79 0
14932 79 2
15007 79 0
15097 79 2
15157 79 0
15203 79 2
15263 79 0
15355 79 2
20473 73 0
20564 73 2
20579 74 0
23270 50 0
23405 50 2
23660 74 2
27542 83 0
27558 68 0
27649 73 0
27679 74 0
27755 68 2
27755 83 2
27800 73 2
27815 74 2
28192 49 0
28329 49 2
28663 73 0
29055 73 2
29222 85 0
29342 87 0
29372 85 2
29692 87 2
29752 79 0
29842 79 2
29918 79 0
29979 79 2
30054 79 0
30144 79 2
39635 1 0
39635 -767 -654
39650 -826 -669
39665 -862 -682
39680 -870 -686
39755 1 2
39755 -868 -687
41060 50 0
41210 50 2
41662 192 0
41814 192 2
