0 -734 -598
75 50 0
151 50 2
3212 27 0
3227 27 2
3242 27 0
3258 27 2
3273 27 0
3288 27 2
3303 27 0
3318 27 2
3333 27 0
3348 27 2
3363 27 0
3378 27 2
3393 27 0
3408 27 2
3424 27 0
3439 27 2
3454 27 0
3469 27 2
3484 27 0
3499 27 2
3514 27 0
3530 27 2
3545 27 0
3560 27 2
3575 27 0
3590 27 2
3605 27 0
3620 27 2
3635 27 0
3650 27 2
3665 27 0
3680 27 2
3695 27 0
3710 27 2
3726 27 0
3741 27 2
3756 27 0
3771 27 2
3787 27 0
3802 27 2
3817 27 0
3832 27 2
3847 27 0
3862 27 2
3877 27 0
3892 27 2
3907 27 0
3922 27 2
3937 27 0
3952 27 2
3967 27 0
3982 27 2
3997 27 0
4012 27 2
4027 27 0
4042 27 2
4057 27 0
4072 27 2
4087 27 0
4102 27 2
4117 27 0
4132 27 2
4147 27 0
4162 27 2
4177 27 0
4192 27 2
4207 27 0
4222 27 2
4237 27 0
4252 27 2
4267 27 0
4282 27 2
4297 27 0
4312 27 2
4327 27 0
4343 27 2
4358 27 0
4373 27 2
4388 27 0
4403 27 2
4418 27 0
4433 27 2
4448 27 0
4463 27 2
4478 27 0
4493 27 2
4509 27 0
4524 27 2
4539 27 0
4555 27 2
4570 27 0
4585 27 2
4600 27 0
4615 27 2
4630 27 0
4645 27 2
4660 27 0
4675 27 2
4690 27 0
4705 27 2
4720 27 0
4735 27 2
4750 27 0
4765 27 2
4780 27 0
4795 27 2
4810 27 0
4825 27 2
4840 27 0
4855 27 2
4870 27 0
4885 27 2
4900 27 0
4915 27 2
4930 27 0
4945 27 2
4960 27 0
4976 27 2
4991 27 0
5006 27 2
5021 27 0
5036 27 2
5051 27 0
5066 27 2
5081 27 0
5096 27 2
5111 27 0
5126 27 2
5141 27 0
5156 27 2
5171 27 0
5186 27 2
5201 27 0
5217 27 2
5232 27 0
5247 27 2
5263 27 0
5278 27 2
5293 27 0
5308 27 2
5323 27 0
5338 27 2
5353 27 0
5368 27 2
5383 27 0
5398 27 2
6048 192 0
6169 192 2
6695 69 0
6771 69 2
7812 68 0
8250 87 0
8416 68 2
8809 87 2
9231 85 0
9381 85 2
11310 49 0
11385 49 2
11821 68 0
12077 73 0
12167 73 2
12227 85 0
12303 85 2
12364 85 0
12424 85 2
12469 85 0
12544 85 2
12680 49 0
12801 49 2
12921 68 2
13372 87 0
13868 73 0
13928 73 2
14019 73 0
14079 73 2
14154 73 0
14214 73 2
14274 73 0
14349 73 2
14409 73 0
14530 73 2
14650 74 0
14650 87 2
14771 74 2
14786 83 0
14847 74 0
14922 74 2
14982 74 0
15087 65 0
15976 83 2
16264 74 2
16369 85 0
16444 85 2
16504 85 0
16579 85 2
16624 85 0
16684 65 2
16699 85 2
28780 1 0
28885 1 2
30495 50 0
30646 50 2
31402 192 0
31507 192 2
