0 -606 -614
121 50 0
226 50 2
3213 27 0
3228 27 2
3243 27 0
3258 27 2
3273 27 0
3288 27 2
3303 27 0
3318 27 2
3333 27 0
3348 27 2
3363 27 0
3378 27 2
3393 27 0
3408 27 2
3423 27 0
3438 27 2
3453 27 0
3468 27 2
3483 27 0
3498 27 2
3513 27 0
3528 27 2
3543 27 0
3558 27 2
3573 27 0
3588 27 2
3603 27 0
3618 27 2
3633 27 0
3648 27 2
3663 27 0
3678 27 2
3693 27 0
3708 27 2
3723 27 0
3738 27 2
3753 27 0
3768 27 2
3783 27 0
3798 27 2
3813 27 0
3828 27 2
3843 27 0
3858 27 2
3873 27 0
3888 27 2
3903 27 0
3918 27 2
3933 27 0
3948 27 2
3963 27 0
3978 27 2
3993 27 0
4008 27 2
4023 27 0
4038 27 2
4053 27 0
4068 27 2
4083 27 0
4098 27 2
4113 27 0
4128 27 2
4143 27 0
4158 27 2
4173 27 0
4189 27 2
4204 27 0
4219 27 2
4234 27 0
4249 27 2
4264 27 0
4279 27 2
4294 27 0
4309 27 2
4324 27 0
4339 27 2
4354 27 0
4369 27 2
4384 27 0
4399 27 2
4414 27 0
4429 27 2
4444 27 0
4459 27 2
4474 27 0
4489 27 2
4504 27 0
4519 27 2
4534 27 0
4550 27 2
4565 27 0
4580 27 2
4595 27 0
4610 27 2
4625 27 0
4640 27 2
4655 27 0
4670 27 2
4685 27 0
4700 27 2
4715 27 0
4730 27 2
4745 27 0
4760 27 2
4775 27 0
4790 27 2
4805 27 0
4820 27 2
4835 27 0
4850 27 2
4865 27 0
4880 27 2
4896 27 0
4911 27 2
4926 27 0
4941 27 2
4956 27 0
4971 27 2
4986 27 0
5001 27 2
5016 27 0
5031 27 2
5046 27 0
5061 27 2
5076 27 0
5091 27 2
5106 27 0
5121 27 2
5136 27 0
5151 27 2
5166 27 0
5181 27 2
5197 27 0
5212 27 2
5227 27 0
5242 27 2
5257 27 0
5272 27 2
5287 27 0
5302 27 2
5317 27 0
5332 27 2
5347 27 0
5362 27 2
5377 27 0
5392 27 2
6099 192 0
6279 192 2
7889 68 0
8431 87 0
8582 68 2
8823 87 2
9396 85 0
9531 85 2
11143 49 0
11278 49 2
11879 68 0
11970 73 0
12075 73 2
12165 85 0
12240 85 2
12300 85 0
12346 85 2
12406 85 0
12481 85 2
12601 49 0
12751 49 2
12932 68 2
13444 74 0
14632 65 0
14768 74 2
14948 73 0
15143 73 2
15234 65 2
15310 79 0
15400 79 2
15475 79 0
15580 79 2
29600 1 0
29766 1 2
30967 50 0
31103 50 2
31479 192 0
31614 192 2
