0 -1326 -801
90 50 0
165 50 2
3201 27 0
3216 27 2
3231 27 0
3246 27 2
3261 27 0
3276 27 2
3291 27 0
3306 27 2
3321 27 0
3336 27 2
3351 27 0
3366 27 2
3381 27 0
3396 27 2
3411 27 0
3426 27 2
3441 27 0
3456 27 2
3471 27 0
3486 27 2
3502 27 0
3517 27 2
3532 27 0
3547 27 2
3562 27 0
3577 27 2
3592 27 0
3607 27 2
3622 27 0
3638 27 2
3653 27 0
3668 27 2
3684 27 0
3698 27 2
3714 27 0
3729 27 2
3744 27 0
3759 27 2
3774 27 0
3790 27 2
3805 27 0
3820 27 2
3835 27 0
3849 27 2
3864 27 0
3879 27 2
3894 27 0
3909 27 2
3924 27 0
3939 27 2
3955 27 0
3970 27 2
3985 27 0
3999 27 2
4014 27 0
4029 27 2
4045 27 0
4060 27 2
4075 27 0
4090 27 2
4105 27 0
4120 27 2
4136 27 0
4151 27 2
4166 27 0
4182 27 2
4197 27 0
4212 27 2
4227 27 0
4243 27 2
4258 27 0
4273 27 2
4288 27 0
4303 27 2
4318 27 0
4333 27 2
4348 27 0
4363 27 2
4378 27 0
4393 27 2
4408 27 0
4423 27 2
4438 27 0
4453 27 2
4468 27 0
4483 27 2
4498 27 0
4513 27 2
4529 27 0
4544 27 2
4559 27 0
4574 27 2
4589 27 0
4603 27 2
4618 27 0
4633 27 2
4648 27 0
4664 27 2
4679 27 0
4693 27 2
4708 27 0
4724 27 2
4738 27 0
4753 27 2
4769 27 0
4784 27 2
4799 27 0
4814 27 2
4829 27 0
4844 27 2
4859 27 0
4874 27 2
4889 27 0
4904 27 2
4920 27 0
4935 27 2
4950 27 0
4965 27 2
4980 27 0
4996 27 2
5011 27 0
5026 27 2
5042 27 0
5056 27 2
5072 27 0
5087 27 2
5102 27 0
5117 27 2
5132 27 0
5147 27 2
5162 27 0
5177 27 2
5192 27 0
5207 27 2
5222 27 0
5237 27 2
5252 27 0
5267 27 2
5282 27 0
5297 27 2
5312 27 0
5327 27 2
5342 27 0
5357 27 2
5372 27 0
5387 27 2
5762 192 0
5897 192 2
7178 65 0
7449 87 0
7464 69 0
7599 69 2
7630 87 2
7796 83 0
8023 65 2
8398 83 2
8806 87 0
8881 87 2
9379 74 0
10196 74 2
11087 85 0
11162 85 2
11223 49 0
11298 49 2
11357 49 0
11402 49 2
11962 83 0
11992 68 0
12037 73 0
12098 73 2
12113 68 2
12129 83 2
12174 85 0
12219 85 2
12295 85 0
12340 85 2
12385 85 0
12460 85 2
12597 49 0
12688 49 2
13772 87 0
13968 73 0
14029 73 2
14104 73 0
14180 73 2
14255 73 0
14316 73 2
14391 73 0
14437 73 2
14496 73 0
14556 73 2
14737 74 0
14737 87 2
15933 74 2
16114 85 0
16190 85 2
16296 85 0
16340 85 2
16432 85 0
16494 85 2
16569 85 0
16615 85 2
16660 85 0
16751 85 2
17053 68 0
17113 73 0
17174 74 0
17249 73 2
17264 68 2
17294 74 2
17370 74 0
17460 74 2
17519 74 0
17655 74 2
17669 74 0
17791 74 2
17867 74 0
17973 74 2
18034 74 0
18139 74 2
30111 1 0
30563 1 2
32485 50 0
32652 50 2
33008 192 0
33244 192 2
