0 -607 -513
377 50 0
497 50 2
4014 27 0
4029 27 2
4044 27 0
4059 27 2
4074 27 0
4089 27 2
4104 27 0
4119 27 2
4134 27 0
4150 27 2
4165 27 0
4180 27 2
4195 27 0
4209 27 2
4224 27 0
4240 27 2
4255 27 0
4270 27 2
4285 27 0
4300 27 2
4315 27 0
4330 27 2
4345 27 0
4361 27 2
4376 27 0
4391 27 2
4406 27 0
4421 27 2
4436 27 0
4451 27 2
4466 27 0
4481 27 2
4496 27 0
4511 27 2
4526 27 0
4541 27 2
4556 27 0
4571 27 2
4586 27 0
4601 27 2
4616 27 0
4631 27 2
4646 27 0
4661 27 2
4675 27 0
4691 27 2
4706 27 0
4721 27 2
4736 27 0
4750 27 2
4766 27 0
4781 27 2
4796 27 0
4812 27 2
4827 27 0
4842 27 2
4856 27 0
4872 27 2
4887 27 0
4902 27 2
4917 27 0
4932 27 2
4947 27 0
4962 27 2
4977 27 0
4992 27 2
5006 27 0
5021 27 2
5036 27 0
5051 27 2
5066 27 0
5081 27 2
5097 27 0
5112 27 2
5127 27 0
5142 27 2
5157 27 0
5172 27 2
5187 27 0
5202 27 2
5217 27 0
5232 27 2
5247 27 0
5262 27 2
5277 27 0
5292 27 2
5306 27 0
5322 27 2
5337 27 0
5351 27 2
5367 27 0
5382 27 2
5397 27 0
5411 27 2
5427 27 0
5442 27 2
5457 27 0
5472 27 2
5487 27 0
5502 27 2
5518 27 0
5532 27 2
5547 27 0
5562 27 2
5577 27 0
5592 27 2
5607 27 0
5622 27 2
5637 27 0
5652 27 2
5667 27 0
5682 27 2
5697 27 0
5712 27 2
5727 27 0
5742 27 2
5757 27 0
5772 27 2
5787 27 0
5802 27 2
5817 27 0
5832 27 2
5847 27 0
5862 27 2
5877 27 0
5892 27 2
5907 27 0
5922 27 2
5937 27 0
5952 27 2
5967 27 0
5982 27 2
5997 27 0
6012 27 2
6359 192 0
6494 192 2
8754 87 0
8889 73 0
9086 73 2
9116 87 2
10711 68 0
10786 73 0
10846 68 2
10891 73 2
11720 49 0
11872 49 2
12546 65 0
12546 87 0
12576 73 0
12696 73 2
12696 87 2
12711 65 2
12788 85 0
12847 85 2
12922 85 0
12967 85 2
13028 85 0
13073 85 2
13208 49 0
13329 49 2
14008 74 0
15204 74 2
15475 68 0
15581 73 0
15686 68 2
15701 73 2
16002 79 0
16092 79 2
30389 1 0
30585 1 2
31715 50 0
31865 50 2
32257 192 0
32408 192 2
