0 -560 -146
106 50 0
182 50 2
3201 27 0
3216 27 2
3231 27 0
3246 27 2
3261 27 0
3277 27 2
3291 27 0
3306 27 2
3321 27 0
3336 27 2
3351 27 0
3366 27 2
3381 27 0
3396 27 2
3411 27 0
3426 27 2
3441 27 0
3456 27 2
3472 27 0
3486 27 2
3502 27 0
3518 27 2
3533 27 0
3548 27 2
3563 27 0
3578 27 2
3593 27 0
3608 27 2
3623 27 0
3638 27 2
3653 27 0
3668 27 2
3683 27 0
3699 27 2
3714 27 0
3729 27 2
3744 27 0
3759 27 2
3774 27 0
3789 27 2
3804 27 0
3819 27 2
3834 27 0
3849 27 2
3864 27 0
3879 27 2
3894 27 0
3910 27 2
3925 27 0
3940 27 2
3955 27 0
3970 27 2
3985 27 0
4000 27 2
4015 27 0
4030 27 2
4045 27 0
4060 27 2
4075 27 0
4090 27 2
4105 27 0
4120 27 2
4135 27 0
4150 27 2
4166 27 0
4181 27 2
4197 27 0
4212 27 2
4227 27 0
4242 27 2
4257 27 0
4272 27 2
4287 27 0
4303 27 2
4317 27 0
4332 27 2
4347 27 0
4362 27 2
4377 27 0
4392 27 2
4407 27 0
4422 27 2
4437 27 0
4452 27 2
4467 27 0
4482 27 2
4497 27 0
4512 27 2
4527 27 0
4542 27 2
4557 27 0
4573 27 2
4588 27 0
4603 27 2
4617 27 0
4632 27 2
4648 27 0
4663 27 2
4678 27 0
4693 27 2
4708 27 0
4723 27 2
4738 27 0
4753 27 2
4768 27 0
4784 27 2
4799 27 0
4814 27 2
4829 27 0
4845 27 2
4860 27 0
4875 27 2
4890 27 0
4905 27 2
4920 27 0
4935 27 2
4950 27 0
4965 27 2
4980 27 0
4996 27 2
5010 27 0
5025 27 2
5041 27 0
5056 27 2
5071 27 0
5086 27 2
5101 27 0
5116 27 2
5131 27 0
5146 27 2
5161 27 0
5176 27 2
5191 27 0
5206 27 2
5221 27 0
5236 27 2
5251 27 0
5266 27 2
5282 27 0
5296 27 2
5312 27 0
5327 27 2
5342 27 0
5357 27 2
5372 27 0
5388 27 2
5887 192 0
6009 192 2
6206 69 0
6266 69 2
6886 87 0
7202 87 2
9104 74 0
9964 74 2
10659 68 0
10779 68 2
10854 85 0
10944 85 2
10989 49 0
11064 49 2
11684 68 0
11789 73 0
11850 68 2
11865 73 2
11940 85 0
12001 85 2
12063 85 0
12123 85 2
12153 85 0
12243 85 2
12440 49 0
12515 49 2
13105 74 0
14386 74 2
14522 65 0
14551 87 0
14657 73 0
14808 65 2
14808 73 2
14808 87 2
15004 79 0
15094 79 2
15169 79 0
15244 79 2
15304 79 0
15395 79 2
29243 1 0
29363 1 2
30520 50 0
30640 50 2
31183 192 0
31304 192 2
